,63(mod)_pBA580,Gal4-4(mod)_pBA582,IER3IP1_pDS002,SEC61B_pDS033,ASCC3_pDS052,DNAJC19_pDS026,HSPA9_pDS088,HSPA5_pDS017,YIPF5_pDS186,SAMM50_pDS156,TARS_pDS405,XRN1_pDS411,GBF1_pDS043,TIMM23_pDS284,DAD1_pDS499,SEC61A1_pDS032,AMIGO3_pDS434,SRPRB_pDS404,SRP68_pDS403,UFM1_pDS040,TELO2_pDS496,FECH_pDS494,MRPL39_pDS498,IARS2_pDS091,SCYL1_pDS160,DARS_pDS495,IDH3A_pDS393,DERL2_pDS042,SEC63_pDS218,TTI2_pDS408,SYVN1_pDS442,SEC61G_pDS440,SPCS3_pDS402,OST4_pDS353,ATP5B_pDS055,SLMO2_pDS433,FARSB_pDS390,TMED10_pDS036,PSMD4_pDS488,EIF2B4_pDS491,SLC35B1_pDS046,EIF2B2_pDS463,ASCC3_pDS051,DDRGK1_pDS041,GMPPB_pDS391,SLC39A7_pDS219,SRPR_pDS482,TIMM44_pDS430,SPCS2_pDS401,UFL1_pDS410,PDIA6_pDS029,IER3IP1_pDS110,YIPF5_pDS226,MRGBP_pDS124,SCYL1_pDS159,P4HB_pDS397,MANF_pDS027,PTDSS1_pDS478,TTI1_pDS407,DNAJC19_pDS074,MARS_pDS394,SRP72_pDS505,MTHFD1_pDS395,EIF2S1_pDS386,DHDDS_pDS383,NEDD8_pDS396,TMED2_pDS175,GNPNAT1_pDS506,CARS_pDS460,STT3A_pDS011,HYOU1_pDS089,ARHGAP22_pDS458,SEC61B_pDS162,CHERP_pDS024,SARS_pDS467,TMEM167A_pDS038,KCTD16_pDS096,SEC61A1_pDS031,SOCS1_pDS479,AARS_pDS381,SEL1L_pDS373,IARS2_pDS090,EIF2B3_pDS508,HSD17B12_pDS087,DDOST_pDS382,CCND3_pDS006,QARS_pDS510,HARS_pDS466,ATF4_pBA608,HSPA5_pDS371,COPZ1_pDS462,CAD_pDS468,PPWD1_pDS398,COPB1_pDS065,GBF1_pDS044,EIF2AK3_pBA572,*
63(mod)_pBA580,0.0,0.09132792634065781,0.09291464183730745,0.0955112127729603,0.08466401530978512,0.04707240326053976,0.033497479866460164,0.05702816902688623,0.08745443369445771,0.0594373287597593,0.06664528067029071,0.08629526859202835,0.07299279709917196,0.06719720306105005,0.09433909225789829,0.053375589724230184,0.07950646964635932,0.08709868349683932,0.08603404125125394,0.08366813725559659,0.07721904480728065,0.06855143245517789,0.07539297538556917,0.03933780209586806,0.09573441455645494,0.08190707049947225,0.08463859190484344,0.08074115906627433,0.09331513892300797,0.0805435513252479,0.09383196878605664,0.06563018969250732,0.07532734291545885,0.07117369915481138,0.07164877888988795,0.055005598372212305,0.061132556218005916,0.09137481959533045,0.06859005327066968,0.06433808763192238,0.08927984075424236,0.05945579493818028,0.08712844750224148,0.1019494607170863,0.09013896374885602,0.07680514309693852,0.09289142554920593,0.060607655021377785,0.09358408095172915,0.10707237390278738,0.09414783800887432,0.08153619066017372,0.09745270221444159,0.09080588911685514,0.07929389393315281,0.09120619263308913,0.08524432217891911,0.07665600900323438,0.08335921218798577,0.058931133388823664,0.06721199214616724,0.09792766872486762,0.09090463357467568,0.0367633524387492,0.059834312143880734,0.06886439876311264,0.09512938756180839,0.09843059225107771,0.03501113317234585,0.09266492495431909,0.10028777159056852,0.09223755798599897,0.08619374694693221,0.0867277315434428,0.04552194784242538,0.0838847473650338,0.08204031828462591,0.05409143643845159,0.07992902338787256,0.04614468914109556,0.08947053467341265,0.05127383036210844,0.04360660406136605,0.0775026416888007,0.07614093617542345,0.08648001068740484,0.040102241919482355,0.04813059509106492,0.0837573083016231,0.04640654747230888,0.05449904774745709,0.06358464812164485,0.073804479793655,0.05756782543122976,0.04793937771418379,0.07240194691151214,0.08105402270543027
Gal4-4(mod)_pBA582,0.09132792634065781,0.0,0.10603251018304558,0.09419743733480482,0.09955600613568738,0.05364833382417798,0.038041974069379876,0.0628437332095963,0.08143053205274292,0.07159227892838188,0.07451214031185319,0.0826698187787527,0.07869368261261545,0.06956109943735765,0.08338941097018761,0.05095194529387299,0.07798794782239131,0.09062067745232952,0.08424209802372497,0.0931242990237086,0.07019010023093315,0.07542543518613594,0.07918904817727734,0.044169138241347855,0.0808419072049117,0.07403631740819192,0.07408861931039526,0.08944460881896722,0.08805648564737072,0.07481240477553204,0.07915200587899528,0.07865910137934885,0.08443495912449549,0.09668983456542159,0.0707883328636898,0.06002042507510118,0.07598818514407495,0.08495579581312253,0.07538079582362331,0.06806713517910667,0.08360518337425853,0.07308886954193734,0.09326682089750535,0.08642836049567293,0.08715566952507592,0.09102712276837041,0.07932041848223402,0.05773731024612141,0.09363015881999598,0.0974124546858666,0.08451583767624914,0.07145913221804408,0.0785799973949691,0.0755137843892268,0.07481707951014753,0.08399861925165256,0.08251203749059477,0.09130377023549134,0.09122961552684729,0.06385639191780516,0.07313763904979623,0.08622926880731678,0.07876949260195629,0.037822676226539065,0.054957308871409316,0.0789241883981449,0.09246466462115202,0.08502039689890303,0.03804713988053487,0.0763462832380043,0.09475119584165163,0.09233194480085605,0.08867069873671377,0.09092322841526448,0.05146020426264332,0.07308419969115384,0.08854481401752032,0.05176249206871717,0.08442155968759046,0.044911903445372874,0.08967373890851355,0.058677471306405084,0.04970521835523671,0.08345526364993834,0.0654167950300641,0.0783835180587771,0.037196632485174685,0.054635330846505716,0.07771204438146115,0.061033039775054164,0.05890151464750338,0.08031920050698123,0.07834366889182963,0.06775094180241416,0.04486688258095873,0.07060066191771724,0.08830369208969388
IER3IP1_pDS002,0.09291464183730745,0.10603251018304558,0.0,0.10566301261250613,0.12525501429718816,0.06079377771680267,0.046067192897969386,0.06852343950229044,0.10803272722924724,0.0840761253989142,0.07908335749281191,0.10537070915683792,0.07989757935855807,0.1119041144664973,0.10300900455884454,0.07290041920273309,0.08236450915820537,0.08789742172081443,0.09393995157434404,0.09466652125559133,0.07069153789517672,0.09230340318633046,0.10099561774552619,0.05577897417024817,0.08199264680991294,0.10154898534081876,0.1071118596656847,0.12346518312176516,0.09094000629210135,0.0993151586517384,0.09120921399192021,0.06327569846453668,0.09237949442038697,0.09876576706792935,0.09415274687972248,0.07814250617581239,0.09499168817953066,0.10932856095466367,0.08400615918120652,0.0744766695587206,0.07734178604477772,0.08491822743081424,0.10637169535474532,0.0927040838056399,0.09661112500610891,0.09665841106096437,0.09694103467048397,0.07504295768115685,0.10858703152833167,0.11203755636886763,0.09782572386258058,0.08988614913628272,0.1066065542416301,0.07883395637242571,0.08453708828771223,0.10037417000523292,0.08655949438674704,0.08373440367411077,0.08897067392918899,0.09209122652613459,0.09965741382719268,0.09248991581246871,0.1083889143748842,0.048271172840626715,0.07259812553402312,0.09992950718493007,0.0861398421280874,0.11609096890344515,0.04265172771057428,0.10715723094788764,0.09621810884434934,0.09180707593993259,0.11061774083625776,0.0991617075625303,0.06084665383057516,0.11062032420747352,0.09867871796189254,0.06532222796010238,0.08481238862513538,0.058035174630622785,0.11532802297256144,0.06923635510176034,0.0644907650633801,0.08159385943454191,0.09254647301237945,0.08943987764005573,0.054029311498080275,0.06502061785996727,0.10314504818806759,0.060171712154305584,0.06783368866627944,0.10337146168223683,0.09697752738632709,0.0732420543235443,0.06087358673629137,0.08235333676413041,0.09135585121568919
SEC61B_pDS033,0.0955112127729603,0.09419743733480482,0.10566301261250613,0.0,0.09838557783286186,0.05743545058787357,0.040962758783331735,0.058806054370593754,0.08669604710752873,0.07066134287906456,0.07711665782061065,0.07260359559947022,0.0792857494903688,0.08398540800124178,0.09567177015342723,0.05615676858679792,0.08900063917959433,0.08631017431082147,0.07757798538379763,0.08944484896173535,0.0609226304425933,0.07569753333793196,0.0915296206646333,0.04837719654888493,0.0801949631359138,0.09095080867568754,0.07717625522887336,0.10798868666047653,0.07324297382658822,0.07878385739527373,0.08563946674858483,0.06539410115379736,0.0893627504670334,0.0984389552485837,0.07721987202253634,0.0697874543219567,0.07868414317494059,0.10512512312506192,0.08001503116177457,0.07332879247375373,0.09123310862985705,0.07808978964691306,0.10409042162442421,0.09608818972091523,0.1014636138708,0.08817775823015846,0.08335181440796059,0.06694819429777454,0.09831762288866869,0.09945083622298617,0.07869380438286593,0.08681236499748646,0.08380506467765397,0.09017868376862069,0.07256770478943458,0.08127996708235331,0.07880924372088194,0.07862208532606331,0.09218636853369125,0.0693013886247035,0.07873914835814785,0.08336633228081687,0.0908477249127537,0.03800934452693086,0.060285624295807284,0.08562876248679825,0.08215819859388516,0.10574546027305995,0.03654720872195326,0.0888867977672938,0.08708364019351632,0.0797950117072772,0.09505628202413577,0.08175766579518261,0.04689451980764404,0.08118440947487783,0.0879711098097463,0.05568234788752362,0.06976549858742348,0.05349081819707027,0.08203795058254432,0.06473592516596513,0.05538788705605505,0.0852473010100596,0.07360100083649804,0.09230813998002052,0.04530146816308564,0.05046743212443831,0.0769446943755115,0.06234771262925802,0.06106981306592822,0.08455803790023737,0.08025023894687439,0.06140422677576244,0.053588152368950495,0.07821651629865521,0.09756863065239613
ASCC3_pDS052,0.08466401530978512,0.09955600613568738,0.12525501429718816,0.09838557783286186,0.0,0.06044254217307643,0.044979651736485084,0.062304817431414014,0.1031643939107406,0.08912623240768512,0.08803385398016617,0.08357341249221786,0.09587473100165081,0.10253767084618133,0.10793227885880703,0.06401986450413812,0.0845171397356175,0.09647691742754398,0.09062028964537103,0.08686617154457979,0.058828363009475894,0.08813597685555323,0.0992680639318992,0.05669278796114948,0.0904323723492025,0.10255422514047377,0.08399334501832599,0.0967587016733341,0.08180663601950859,0.08576468657056979,0.08771381103105161,0.0755435212856925,0.09175514758432389,0.09826476270235804,0.08886347751362655,0.07479604868039405,0.08532281915550124,0.08950428631358347,0.08073767264009914,0.09467800390619685,0.08444199440579088,0.08534497140278652,0.10854634085832468,0.08214573638082627,0.09689452143364204,0.0954126641017584,0.08913847397199673,0.07301733900991429,0.10946189361260046,0.09772635281133893,0.0948278826517517,0.08981162255900374,0.10010928693575333,0.08873516026569717,0.08428022641009092,0.08846499347358201,0.07126127121006896,0.09514637194210443,0.0942113332141248,0.08349022278425396,0.07955985143357465,0.09039752516117686,0.11495260318336427,0.042451620343751655,0.07134959185980305,0.09309222140657777,0.08440074893818818,0.09702945937893671,0.04430675754492732,0.10188739548113793,0.09591175499526694,0.08412397289208312,0.09244412486132395,0.10634527130001477,0.05519087783252631,0.10623767207355117,0.10078477309581285,0.06649778515928452,0.078542967492784,0.055617235258613576,0.09403240544353944,0.06838177274709735,0.06365408567915104,0.09834350883765111,0.07973297166542379,0.08836344213689117,0.04916393346792945,0.06203205332623334,0.08326554199856973,0.05896361919817306,0.07233760401862571,0.09062030237514816,0.0968568911667704,0.06956929670367279,0.064000507865822,0.0779292882112507,0.09136849753819554
DNAJC19_pDS026,0.04707240326053976,0.05364833382417798,0.06079377771680267,0.05743545058787357,0.06044254217307643,0.0,0.043413243030486014,0.0720657876597687,0.06405370841533552,0.07531048534087081,0.0625300705039918,0.056035419574161235,0.05851506670338956,0.06396423656010446,0.06249979981879912,0.07511940176248973,0.0560273510391105,0.05456656393598246,0.05779900966697688,0.051720063973980004,0.05541030652013267,0.05937390748002981,0.058461497304663095,0.04802865095583865,0.0766428399626076,0.06495699759681552,0.06631238667973205,0.07384685230724591,0.04711727602161592,0.06506409257395504,0.05033174537367827,0.06937295946285778,0.06636569002973511,0.05838425829026929,0.07134296779472321,0.07273253587690735,0.07480889328763143,0.062393481315717286,0.044753321499217416,0.08195019550686962,0.059338447569222554,0.07160625671317844,0.06040059174236118,0.04963216612226831,0.056867720150381995,0.06795486505177728,0.057876193976078585,0.08025622425574644,0.06438884046367765,0.05362453774182297,0.06223176771887002,0.07148414539890209,0.07025854928187532,0.050923495664621565,0.055510634077781326,0.046778715657254256,0.059671996126746216,0.06260575363079174,0.05766485548785639,0.0866332386184434,0.06945862316320194,0.05125472681272672,0.06796406609805,0.042627382623012196,0.06422521949245454,0.06349100155568688,0.057676402828697716,0.056252954890876006,0.04099662550927275,0.06202840337544653,0.05302250578817956,0.06414083748921327,0.052463363675629274,0.0614498395353355,0.06328235094501533,0.06058656388568572,0.06747242409156695,0.07700037288607232,0.062324443243752484,0.056479038976934064,0.059714005298891454,0.06371135202488937,0.05845656000825945,0.07422295071199399,0.05940297798198895,0.0484181025097169,0.05097645249768368,0.06668562738117051,0.0502832328672648,0.060501543175526626,0.07928481005913811,0.051101081764070855,0.07509527454045019,0.07036890915715985,0.06340067367845517,0.07501264255543923,0.0629391837732085
HSPA9_pDS088,0.033497479866460164,0.038041974069379876,0.046067192897969386,0.040962758783331735,0.044979651736485084,0.043413243030486014,0.0,0.043540708112542806,0.03968954100865952,0.04924576467077023,0.05103973950245064,0.03853513656307275,0.04080283631449641,0.047344147557499716,0.047318212741292456,0.052519684605366955,0.049005681177827276,0.04074576030970954,0.03773936687759029,0.03791864099574235,0.04644346657032723,0.04301390871105305,0.04426728017564292,0.04592574518938306,0.04504394331709373,0.04924956720401436,0.044407874680710904,0.05145936986180112,0.03903216405414525,0.04278762541873207,0.041223391125778976,0.04970255170683264,0.052399331999585394,0.03766434335159204,0.05197138225491119,0.0431857171738013,0.04838048400065139,0.04788743187251443,0.03465377257579384,0.04860518674987803,0.04371482316794596,0.04228048721465877,0.03700212368519763,0.043385846076693185,0.043195005890084334,0.05403623245498942,0.04129815099336621,0.05049663671277205,0.0463102712728135,0.03650113643919595,0.04651440713842143,0.045844991040064495,0.043586220471870836,0.03758768462374029,0.04185263364250363,0.042640239966115774,0.04060489511847494,0.03821816217161985,0.044584500728135135,0.04874744162315912,0.04633493737784161,0.040319830577185675,0.054001789276533006,0.04176866935324655,0.045247886549603766,0.042416751203256,0.044044974579771884,0.041986217356764256,0.04351842043728213,0.042103624376154544,0.039996502433654824,0.04058324260003174,0.04052840300945182,0.04039751938295315,0.04768814018171107,0.044847858677788746,0.04495838939111597,0.05144326221442147,0.048740575101036736,0.04373437677749352,0.0406213353530618,0.049400474539622784,0.040778452664143844,0.04830996965988779,0.045057122768756994,0.03478956280069045,0.04495782591771214,0.049091206305791765,0.040648957526246435,0.039916515554286595,0.05508083558996618,0.03518586757396438,0.046806143462173364,0.05101015541780099,0.052710732833935334,0.04533575176635694,0.04227000165573104
HSPA5_pDS017,0.05702816902688623,0.0628437332095963,0.06852343950229044,0.058806054370593754,0.062304817431414014,0.0720657876597687,0.043540708112542806,0.0,0.06448514419752521,0.07647169389024616,0.0731225601968089,0.05997542467656964,0.0669693781311426,0.0687967635969407,0.05833472762862141,0.06606269301337148,0.06246049965811921,0.057381495903718514,0.07003804449755648,0.06015690107649958,0.04870871373245213,0.06891734390997652,0.06152351355068104,0.051990837588606786,0.06566577342230696,0.078672090044902,0.06103761278122281,0.07583351716439574,0.055363354808044316,0.059645574032495076,0.056687073351751154,0.05083877821991134,0.07408049263085252,0.05237648810956062,0.05869328642376315,0.06446161590988866,0.0653090663394628,0.06025462496575874,0.04915233875482922,0.06499065005665326,0.047704617849568295,0.06409276741175973,0.0595247443312946,0.05844484838094554,0.06457940151842895,0.07284689883636167,0.060688915079094116,0.07186805577202598,0.06793166585882633,0.059037592510194706,0.06796468918857011,0.07714291258713761,0.06245051342750851,0.05470905309104397,0.05649241556988322,0.05058154087657609,0.05363397831051668,0.05659534700491595,0.06606205859316673,0.07222020883963215,0.07016717351448039,0.05516774565516992,0.0641532878134119,0.04357530691595941,0.06148908267732238,0.0620885524765209,0.0615998794334229,0.05725974190666879,0.04094923322810272,0.058551671377169406,0.05737704921944975,0.07770129392242756,0.06347436770183837,0.06381928001162715,0.06372683062449817,0.06769213227978481,0.06248929437182239,0.07016101630676005,0.0601009625383494,0.057982270704611504,0.056374964416943354,0.07339897615462462,0.05519137094855846,0.05787331657163986,0.0614197760382333,0.059280291137525594,0.05144774795978581,0.053193623569952095,0.056332498499962975,0.06512508442086233,0.07412097347619359,0.049990264489709765,0.0726840554772938,0.07412871066830566,0.05216997725495699,0.0611073053921481,0.06899698631782483
YIPF5_pDS186,0.08745443369445771,0.08143053205274292,0.10803272722924724,0.08669604710752873,0.1031643939107406,0.06405370841533552,0.03968954100865952,0.06448514419752521,0.0,0.08604260861094656,0.08038588873558311,0.07511751883695093,0.07503481345657649,0.09474874476969064,0.09901718115635523,0.06580214045035152,0.08431673370975856,0.09575687595286353,0.09595664631206444,0.09303499601590273,0.06871133812112847,0.08387730356247262,0.09269819112543451,0.05208224771257417,0.10132084815973358,0.07944813639548422,0.07674254122406549,0.10641178042673394,0.0883674383989958,0.08908392751784397,0.09688977910684207,0.08111064926031006,0.08328436162927152,0.07887076025729539,0.09104654649402771,0.06012237477385543,0.07044126612576573,0.09406059302438421,0.0737360214034633,0.0765406078115224,0.09765373069406491,0.07997121040587832,0.09737191894435393,0.10164428858902089,0.10160170837437918,0.09215669566630004,0.0917239143066291,0.06264767716606719,0.09941593176174239,0.09481806158388192,0.09741226022245457,0.10107760475566269,0.09359874622819161,0.09294368729356856,0.08245010473241712,0.09253141716118525,0.07489866114486082,0.09744925162307834,0.08467921955928541,0.07347430930122212,0.08239106251271769,0.08905764217463495,0.08598176178768548,0.04300590713603386,0.06987875175535815,0.07748904092974954,0.09735570903117652,0.09206124152448954,0.03843562461350478,0.09504251273014697,0.08474587780070857,0.08340978053290149,0.11013057925443348,0.08267698842856094,0.053889462671768654,0.09393198458839366,0.08764538317266725,0.05772339420685961,0.08283031623806021,0.0535909316079949,0.0942433893022075,0.0734312974917717,0.04820604424500566,0.08441987284952748,0.0786696739421812,0.07711401067513902,0.04527290103011093,0.05167733463850269,0.09478674148122872,0.05898049746996504,0.060827567162366696,0.08556870558442778,0.09821847669449761,0.0697040450567365,0.05791216903499685,0.07136445397580986,0.08172800792833751
SAMM50_pDS156,0.0594373287597593,0.07159227892838188,0.0840761253989142,0.07066134287906456,0.08912623240768512,0.07531048534087081,0.04924576467077023,0.07647169389024616,0.08604260861094656,0.0,0.08612941105341501,0.07074833531511897,0.06435659720033711,0.09361501106559587,0.09287522215409875,0.08244673331264092,0.07507895786166256,0.07356210483388233,0.07730968911910566,0.06429911600819868,0.07231610987843384,0.08313087235239494,0.07887194160194456,0.0525877109318795,0.08255989701272663,0.10047587313900679,0.09332257603210559,0.10446626572393357,0.07083872770137856,0.0792953458596592,0.059462727337200004,0.07562497588693806,0.07701599032792374,0.06794879638542056,0.09820608581508272,0.08359257382221733,0.0994830458485477,0.07660890636205656,0.06309997535940366,0.08794464800015496,0.08473195137854113,0.10199600503941565,0.07903902416426913,0.07938689030869368,0.07238511333563274,0.09841463157838583,0.06990195028886059,0.08902294785106127,0.08664750107663023,0.06506126383018825,0.07515105929725277,0.0942505565935148,0.08349449974709931,0.06364393661604834,0.07342403174253935,0.05808219249685227,0.06397404894061132,0.07311419805408435,0.08266678695076099,0.10723200772644352,0.10627651432034649,0.07387923505031188,0.09748268265973863,0.05171109900342343,0.094421622661921,0.09324654216066866,0.06287044909780588,0.0769115324893082,0.048734054685248426,0.06890545381736422,0.07166164021270974,0.08103401205746769,0.06556532011964755,0.08447256437760287,0.0643521459648344,0.08751520916791654,0.06718338196792496,0.08327628573523875,0.08165580536720349,0.0682442572445735,0.07656466131690794,0.06854952769721954,0.06634839030148174,0.0889415409810741,0.07705409451421523,0.05921722135194832,0.05575274882077091,0.07141857062303883,0.0651500447446524,0.058088224258103664,0.0797106697136986,0.07495263725960527,0.09300903311638434,0.08027102638130178,0.0680640695054476,0.08120950021589203,0.07595767553851074
TARS_pDS405,0.06664528067029071,0.07451214031185319,0.07908335749281191,0.07711665782061065,0.08803385398016617,0.0625300705039918,0.05103973950245064,0.0731225601968089,0.08038588873558311,0.08612941105341501,0.0,0.07078359249884202,0.07339189550685672,0.06950642191017711,0.09895914226722208,0.07350019982900892,0.07943985433572294,0.073746840419004,0.0723280099923932,0.07839211709242924,0.05668053875023206,0.0711142756269907,0.08707708007117691,0.05841528261308316,0.07033514175831339,0.07456284993086233,0.07169957612400053,0.0970001328727148,0.07713857026172428,0.06881739961024036,0.068604235901456,0.07171000699501427,0.09093245941698108,0.0639200523653411,0.09123470496005988,0.08085085828069784,0.07140278178395763,0.08796569666207009,0.09096089769048923,0.0977745349204057,0.0761934948854863,0.07979143097811839,0.07314055589824316,0.068742652318281,0.07999996110681103,0.09719813331788356,0.08090211221058236,0.08394831247018111,0.09095398472275067,0.07424912358418938,0.07437234017222973,0.06651688456448684,0.09339169472932161,0.06689228315858793,0.07748889428049718,0.06352095899361565,0.06125763204249566,0.07446823353875713,0.08004067641803474,0.09319762909413229,0.0982135906181394,0.06820269154691426,0.09412585931052503,0.052134466512674144,0.07435973933532916,0.09038465446250846,0.07838800213830485,0.08213315763366645,0.04632610113469496,0.06508758819493123,0.08134709735792563,0.07484001935581096,0.0815163638962541,0.07939218021095226,0.06449556523921683,0.07931486060859122,0.08268736867336858,0.0664929564032959,0.07885733840945296,0.06487090189533061,0.07343260741697155,0.06509840589984174,0.06406819564200697,0.09576543220655528,0.06109549654349823,0.06939407434296678,0.05381804782912683,0.0661194414799966,0.07841951769881242,0.0674799024480761,0.071225787622339,0.08966165756015729,0.10002779277752401,0.06601334412229026,0.053904342864173393,0.07109677068939337,0.08093294368161966
XRN1_pDS411,0.08629526859202835,0.0826698187787527,0.10537070915683792,0.07260359559947022,0.08357341249221786,0.056035419574161235,0.03853513656307275,0.05997542467656964,0.07511751883695093,0.07074833531511897,0.07078359249884202,0.0,0.0822874612493042,0.059735904355802366,0.1034150343277197,0.04671673057924014,0.06978607373251108,0.0852762386449635,0.06528093733476066,0.09720687869704521,0.08140464957475613,0.06748637026538101,0.0818298807490627,0.043375297215992654,0.08221293339637688,0.07966597076923097,0.10611336318723764,0.08264632137148312,0.09325971784000239,0.10311794722032652,0.07944397055468777,0.06472887232216123,0.06907366116140652,0.09350611587228291,0.05849960168683206,0.05378661764773942,0.06610136729877815,0.07642433871908698,0.08452379973777988,0.06532667496417727,0.08564840305831294,0.05724786645813287,0.08393294361857395,0.09182246537141604,0.09022610968461138,0.09457006690566161,0.08895851337034492,0.055782584171982105,0.08537152023311485,0.11067633966525033,0.07229185065821217,0.07380392454567969,0.09010058664382667,0.07280759569620819,0.07147417375635429,0.07841247617269567,0.08091490907585827,0.09917480780719781,0.09270211963490108,0.06120218363284402,0.08233772389956384,0.09148526518050774,0.0840245006509474,0.03581840478845089,0.06029450051587292,0.07115708484011365,0.08927796205249706,0.10162492095757311,0.03480597664295158,0.09765020026527926,0.09827518573776273,0.09293456127098029,0.09841748270819568,0.0636608295623167,0.04839158899092767,0.10194661807382248,0.0866210193496471,0.06394990739302735,0.08558278747981055,0.04683561995122824,0.09356468128590026,0.04684229257450639,0.046799059316365244,0.06845462728904046,0.08133917820863573,0.09238945461092511,0.0423011947218201,0.051977812725626314,0.08187719222779208,0.04281109922966286,0.06023216309582304,0.06276671094205084,0.06203282885567743,0.05302053682157755,0.04900758285463484,0.06736342398120153,0.0672485270117288
GBF1_pDS043,0.07299279709917196,0.07869368261261545,0.07989757935855807,0.0792857494903688,0.09587473100165081,0.05851506670338956,0.04080283631449641,0.0669693781311426,0.07503481345657649,0.06435659720033711,0.07339189550685672,0.0822874612493042,0.0,0.06823435216563732,0.07422800965943173,0.05333333218835042,0.07140212065114741,0.06360315921723014,0.07216457293099371,0.07985339537726292,0.05706878435631053,0.07803545284815627,0.0721494093417174,0.04624111431525983,0.08376083966864123,0.0670319695252049,0.06637540931718389,0.0795470605240253,0.07413876820311109,0.07571795575285643,0.07788907141882988,0.05587230512212737,0.07934091653991163,0.0679660527578574,0.06721290554262559,0.043609725350086156,0.06763363551808282,0.06849026865804733,0.0723030819565878,0.06743632210246511,0.07632822268360959,0.05867081258183954,0.07795173185991003,0.07542167082137664,0.07568907700638534,0.0801615521334478,0.08172461487206518,0.06149200411288784,0.06673221516719051,0.07751911388184762,0.0761649430995026,0.06416250890483549,0.08340744414025396,0.07328204525408037,0.06769422384049376,0.07177812198316214,0.07534117931193364,0.06889744414580985,0.08422173969803408,0.05970209468163891,0.0718855111982083,0.08165776190876052,0.07897211573932564,0.04240869281478933,0.07149394702356049,0.07114541762109922,0.08433859073748451,0.08261552727795661,0.04290303586243713,0.0793421318032721,0.06668044523365387,0.07366409447320055,0.0665974358678908,0.0772242813182892,0.045691928499759886,0.07734319671804891,0.08795908212643819,0.06128275463348512,0.06504320248141922,0.058596132545117474,0.07087490414000705,0.058320715490521695,0.05851715987442546,0.07822303696382155,0.06930370266011204,0.07279049508623722,0.04658199314341754,0.05391081130682522,0.08638013878896394,0.046425664441065016,0.05196901391309913,0.07085473161933495,0.07066079859185317,0.048214725712918134,0.058978117779028824,0.07246300843598762,0.06601147708580767
TIMM23_pDS284,0.06719720306105005,0.06956109943735765,0.1119041144664973,0.08398540800124178,0.10253767084618133,0.06396423656010446,0.047344147557499716,0.0687967635969407,0.09474874476969064,0.09361501106559587,0.06950642191017711,0.059735904355802366,0.06823435216563732,0.0,0.07984856042394241,0.06608185385849961,0.07425099244825785,0.07708645684567478,0.08760686210227661,0.06559727937415197,0.060386824423678355,0.08126050868518286,0.09861764575079877,0.05853636681526265,0.09957768171443791,0.10292417396312423,0.07231561167124276,0.08948612177510458,0.06792419842654544,0.08501037876033395,0.05540745313459355,0.09035191521860193,0.06814839872847311,0.07391143215642407,0.08998043821672719,0.06975415211160578,0.09586823716153206,0.07678979566882636,0.07952631392462418,0.08839016700649342,0.0644886502679628,0.08974131860616015,0.08650689070536775,0.07252575293877649,0.07021637687350973,0.07944508157745392,0.0686075971343992,0.08081752283233509,0.09327004978714369,0.07888515807381866,0.08245767653623817,0.10095849307409946,0.09559241045107765,0.06571605088041879,0.0823145544275474,0.06585347155778906,0.06421317088246596,0.06068942014070445,0.09024003412996932,0.08653717869918257,0.1016325070870247,0.08098804074218498,0.0957354200101537,0.04618790466327428,0.07708126834184832,0.0962486529862235,0.0941650014186562,0.09073955370339926,0.03890215407534513,0.09126420849065622,0.07400217014658377,0.06273519131502708,0.07248864275303044,0.08009911107042535,0.055027877091811575,0.08242388259970992,0.08020551150046414,0.07531039941923384,0.088262168758576,0.052690920306427205,0.07503476603136766,0.06277818742500657,0.05678234454338969,0.08408518259532471,0.07825891097220805,0.06588989788232372,0.05076723275588683,0.06335858135484185,0.0772072259368569,0.05559353351746974,0.076018530443057,0.0988211196747406,0.09330755343778926,0.07398050794275403,0.060918301806930426,0.07506579548702616,0.0957581662913135
DAD1_pDS499,0.09433909225789829,0.08338941097018761,0.10300900455884454,0.09567177015342723,0.10793227885880703,0.06249979981879912,0.047318212741292456,0.05833472762862141,0.09901718115635523,0.09287522215409875,0.09895914226722208,0.1034150343277197,0.07422800965943173,0.07984856042394241,0.0,0.06687738015960072,0.08420301858172008,0.09441658529264577,0.0777510797336788,0.08825086999166079,0.06858725090303933,0.09880767039362871,0.08383199938653497,0.05162061440025051,0.09206548848126328,0.07856870421362615,0.0877781172288759,0.09942037300731403,0.08533720643083208,0.07868224943331008,0.09985425234177023,0.07213002122677255,0.09593791790494809,0.07883158853690718,0.06818639829764224,0.07622488119599302,0.08878028191459213,0.07535122320064834,0.08398971828843439,0.09221904747145122,0.08702169031931777,0.08925742522596908,0.08416582311420913,0.0864952949923612,0.08744959209921056,0.09488652928501044,0.08618000804132417,0.08733160275649672,0.1003017274747816,0.08257797797097055,0.07791184251946096,0.08745386033307803,0.10752644186849739,0.08809174234213209,0.082120397069559,0.0882148611589177,0.08477710691578333,0.08793645117519797,0.09623950247500294,0.0899884002175873,0.0968078624169442,0.09290371851765378,0.08689906700168144,0.04623392448844541,0.07365954528442925,0.09769178488742367,0.0958759981019699,0.10248546260102635,0.04483932272792036,0.08837923747245532,0.09124638714107411,0.09083130376687823,0.10424170502624608,0.10930073344026289,0.06966263117454513,0.10507173092232926,0.08389495813485405,0.07349307719065573,0.08881497302044687,0.05800305535552425,0.09531352408959586,0.06798615083545145,0.06015294763820908,0.09349464385418642,0.08634569276411808,0.08729455234735158,0.04883043589316818,0.06722364658521757,0.09788908612867318,0.06973969469620031,0.08428623425333885,0.09799952763622424,0.09028033594100579,0.0712531066121854,0.06211666725289324,0.07734206873444988,0.07755830495817498
SEC61A1_pDS032,0.053375589724230184,0.05095194529387299,0.07290041920273309,0.05615676858679792,0.06401986450413812,0.07511940176248973,0.052519684605366955,0.06606269301337148,0.06580214045035152,0.08244673331264092,0.07350019982900892,0.04671673057924014,0.05333333218835042,0.06608185385849961,0.06687738015960072,0.0,0.06107709988422397,0.056714154328269255,0.05327012910528227,0.05470332610035414,0.05952286999006141,0.07848752208103883,0.056846529042208854,0.06253133120090643,0.06498475460789717,0.0758656228408481,0.05944014080060771,0.06911693590573985,0.06079820002700212,0.04953320706680315,0.04983677191131942,0.06187145549353091,0.06340449624277396,0.05825151018075349,0.06780787650444027,0.06929697358184596,0.07293862002235824,0.06466935898197705,0.05170307064307707,0.07005528540548765,0.058206082517226254,0.06824340767049186,0.06040598445108031,0.05534554462153152,0.05844436440849572,0.05567608899052996,0.04645765932958714,0.07374306413418646,0.0666828291571192,0.05521573381846462,0.06091528144612453,0.06066196238520387,0.06048343159592786,0.05418300209652284,0.05778910892492287,0.06154981401537754,0.0506657186533635,0.05820202723487601,0.05451981116090954,0.07091224880949007,0.07092942751712876,0.04971046418658989,0.06889840489775012,0.049365527171675715,0.0660080394396195,0.06109741879660948,0.047026760233773,0.04595329562538759,0.04475627181594828,0.05496237909515773,0.0564338101887322,0.058601059977814084,0.055840439427538954,0.06047078258733443,0.06620696156944501,0.06033307672837404,0.052929414091803184,0.07164069905638414,0.06076382864360833,0.05966942995236729,0.05811711011821957,0.06851317515276864,0.07146823481644665,0.0671329017765424,0.05582396523094685,0.04853945906322016,0.059349927168983393,0.06900355295873306,0.04789013034988199,0.056784789762340714,0.08045191704801964,0.0495782688755287,0.06329157641588819,0.057159453850846476,0.06042484879093154,0.07654263336646118,0.05572799591726419
AMIGO3_pDS434,0.07950646964635932,0.07798794782239131,0.08236450915820537,0.08900063917959433,0.0845171397356175,0.0560273510391105,0.049005681177827276,0.06246049965811921,0.08431673370975856,0.07507895786166256,0.07943985433572294,0.06978607373251108,0.07140212065114741,0.07425099244825785,0.08420301858172008,0.06107709988422397,0.0,0.08754743488281284,0.08423089413916209,0.09366420075264661,0.06583870750974226,0.08637258063401823,0.08654506687399376,0.05181864742575852,0.07530370106438627,0.09154385200932381,0.07524934360600496,0.08949278236977816,0.07099247488046666,0.07058101339293299,0.08942549083334707,0.0678832976751616,0.08160026484695171,0.0818308232657514,0.07611977560920681,0.06126335819887099,0.06803834530564322,0.07588661586755069,0.08068512600447383,0.08527664510244698,0.07983981282838931,0.06823684629808668,0.07952654432805026,0.07902679615411731,0.08204639711211474,0.07949971501123025,0.0826276341967493,0.07245882904641866,0.08745333088710652,0.08397943648658017,0.09806253300227777,0.07730379372098313,0.08057732433426426,0.08072665235509428,0.0829338935012647,0.08272347751081081,0.06270764952865025,0.07259953577405777,0.08019265563593274,0.07127215626345276,0.06580637303490777,0.0689425519271887,0.0865816851340746,0.04073741064794355,0.05506236103543106,0.07080451416264869,0.08012884681375376,0.0763823892126073,0.044299813958895026,0.08137847753598001,0.07698476789131779,0.08046659876653038,0.08283167367525711,0.0787167818143173,0.05685215327146241,0.07384140239930206,0.07490897676959317,0.06875595350499585,0.07630981870400087,0.052196479430426046,0.08138203269846286,0.06637280701287486,0.06143515751026549,0.08998785075903096,0.08147755725682428,0.07645830092138317,0.050543306140442015,0.052251821963414595,0.06914937413033802,0.06236202333532488,0.06242114342220967,0.08713402311305002,0.08136176361803626,0.06661824914717115,0.04942328176116096,0.06826122035881843,0.07479386505148293
SRPRB_pDS404,0.08709868349683932,0.09062067745232952,0.08789742172081443,0.08631017431082147,0.09647691742754398,0.05456656393598246,0.04074576030970954,0.057381495903718514,0.09575687595286353,0.07356210483388233,0.073746840419004,0.0852762386449635,0.06360315921723014,0.07708645684567478,0.09441658529264577,0.056714154328269255,0.08754743488281284,0.0,0.0754836782059842,0.07189238459097994,0.06189912013414257,0.0725066189611032,0.08038122480524751,0.0498743850829014,0.07823242798096709,0.07687309507153134,0.08924017614417595,0.08275846823679454,0.07312498791599839,0.08025706904990573,0.08303682191415433,0.06129970840127178,0.08707108047094832,0.09184336598732548,0.06751497682884625,0.06050109400747272,0.07123944356652949,0.0804907897443297,0.08632647455649946,0.07344518754484144,0.07385070320828155,0.07017837252693994,0.08956805589967687,0.08711984329685916,0.09267117658982525,0.08883858841543266,0.08152029508945637,0.06834877780400364,0.07808811551950604,0.09716959110983371,0.07068251747969233,0.08546764555267375,0.09615296358149938,0.08557143922306926,0.07353973390144007,0.0796602179729304,0.08009780553245575,0.0858998464319104,0.08595668423993091,0.06847603088661597,0.07755273989102744,0.08660782556207422,0.09817422700073884,0.03709067365460884,0.05328198358088686,0.0748247052920674,0.0823993837496872,0.090930464619282,0.03888276890540472,0.08064535284892316,0.08403626797495617,0.057252635242077264,0.0883212106642569,0.07816255690823325,0.0468004386646834,0.08513601675953004,0.0927865812775665,0.05800030781129501,0.06649301660042109,0.05022826821441847,0.09832269235270061,0.05800501573417746,0.052850465959137984,0.08565518674625636,0.0840519909859149,0.08825508344807878,0.041862266868552565,0.048240737128950495,0.08072408682225084,0.055909767517375905,0.07198519374364765,0.078829495019893,0.0717727031640821,0.06104157502152747,0.04610538520196491,0.06443644901531285,0.07682939201194812
SRP68_pDS403,0.08603404125125394,0.08424209802372497,0.09393995157434404,0.07757798538379763,0.09062028964537103,0.05779900966697688,0.03773936687759029,0.07003804449755648,0.09595664631206444,0.07730968911910566,0.0723280099923932,0.06528093733476066,0.07216457293099371,0.08760686210227661,0.0777510797336788,0.05327012910528227,0.08423089413916209,0.0754836782059842,0.0,0.07867594444525072,0.06703288571884185,0.07722328007513875,0.07947772254194747,0.04962205166190701,0.07360432886487121,0.08304317763627436,0.06675718264785467,0.09143025252785085,0.07720426474959563,0.06923447500446359,0.07460834275205669,0.08030182552050888,0.0841826157388338,0.07106393081948387,0.07504885636522846,0.06818774810821077,0.08072846365280086,0.08502448718124167,0.07087484540527324,0.08610757047965276,0.0653273635360743,0.0669718006298368,0.06522936441770646,0.07413650037853452,0.08910770902153714,0.07567272148168368,0.0715444055087896,0.07131069182534902,0.08979040386715456,0.08752108090660207,0.09308806725458824,0.07914897593782366,0.07611988520349988,0.07176085673956499,0.07649568013488378,0.0761593911594303,0.0575279344138153,0.07460600688742809,0.08827293959384677,0.0732286120374467,0.08232815411675351,0.07438451378025031,0.10830009271029528,0.040607430387251287,0.07458537375379584,0.08726703693352826,0.08578648415819361,0.06347148987344423,0.038696260664506314,0.06706591459113025,0.07747723914711624,0.0732381551442742,0.0807121257895862,0.07377144261831188,0.05747879889964906,0.07150019706836512,0.06254780944137485,0.06809561145161239,0.08623721177933036,0.060026430159741524,0.0709635608338677,0.06819915521125948,0.05894558558638749,0.07342324520742573,0.06983475959056933,0.06945782448531272,0.04454918322324352,0.05845497634636027,0.08249438166159126,0.05905305299903607,0.07005135391897623,0.08704160583646425,0.07288076847867579,0.07507345307029423,0.055570351104296395,0.07328524439318243,0.07304485057667381
UFM1_pDS040,0.08366813725559659,0.0931242990237086,0.09466652125559133,0.08944484896173535,0.08686617154457979,0.051720063973980004,0.03791864099574235,0.06015690107649958,0.09303499601590273,0.06429911600819868,0.07839211709242924,0.09720687869704521,0.07985339537726292,0.06559727937415197,0.08825086999166079,0.05470332610035414,0.09366420075264661,0.07189238459097994,0.07867594444525072,0.0,0.07139487036659,0.0769065114581408,0.08144157116306391,0.04716731938251539,0.08139951655344996,0.06394229988909336,0.09395734271364481,0.08190367584351899,0.08443522077372431,0.07025685413873611,0.09671741762249159,0.060111562727984846,0.07690746900072006,0.07781071854811154,0.06796547469023886,0.06125920161205629,0.06230797769406208,0.08323335681505775,0.09446490843424905,0.07551701320247395,0.06878372374595927,0.06508309208517019,0.08895881826156293,0.09045393257610199,0.0775779027140151,0.08845072754931951,0.09174567202328096,0.060328928827487305,0.09255014411646022,0.0882852829519253,0.07283832012369852,0.07248890894601139,0.09500792875184827,0.09273401240252237,0.08269950915190458,0.0922330862657094,0.06778957228337198,0.0797967329314778,0.08467682619375233,0.061557618661747304,0.06971557830068305,0.0894853130127078,0.0895368329461478,0.039265159142686246,0.05702900159725219,0.07204965255026914,0.09105448118003306,0.08941302706148228,0.038125025162146685,0.09445460154268354,0.08198238934686373,0.07090430354910887,0.10084122526409617,0.08363695779767892,0.04844291059522447,0.08811256033685183,0.07442627429811144,0.05914394312850228,0.06443486939263915,0.045559361488180225,0.07922761409159891,0.053648333768691284,0.04928334046919736,0.07788637865553485,0.07422187661243983,0.09385170971040964,0.04433841319041592,0.04616829104206262,0.07795762572292343,0.05178876543518787,0.06493033442588615,0.07376375510376382,0.06989812652328811,0.05750314558102045,0.0472299087899241,0.06156606245392175,0.07024649335557362
