perturbation,IFNGR2g3,IFNGR2g4,IFNGR1g4,IFNGR2g1,STAT1g3,STAT1g2,STAT1g1,JAK2g2,JAK2g1,JAK2g4,JAK2g3,IFNGR1g2,IFNGR2g2,IFNGR1g3,IFNGR1g1,CD86g4,STAT5Ag2,POU2F2g3,UBE2L6g1,STAT2g2,TNFRSF14g2,CAV1g3,STAT3g2,UBE2L6g4,STAT3g1,ATF2g1,IRF1g2,CUL3g1,CAV1g4,STAT2g4,UBE2L6g2,CMTM6g3,STAT2g3,CD86g1,PDCD1LG2g1,CMTM6g2,PDCD1LG2g4,MARCH8g1,CAV1g1,POU2F2g1,control,BRD4g4,BRD4g1,IRF7g1,POU2F2g2,STAT5Ag4,IRF7g2,CUL3g2,ETV7g3,ATF2g2,ATF2g3,NFKBIAg2,STAT5Ag1,STAT3g4,PDCD1LG2g2,MARCH8g4,TNFRSF14g1,STAT5Ag3,ETV7g4,BRD4g3,PDCD1LG2g3,ETV7g1,ETV7g2,STAT3g3,IRF7g4,MARCH8g3,CD86g3,ATF2g4,TNFRSF14g3,CAV1g2,CMTM6g1,MARCH8g2,CD86g2,STAT2g1,NFKBIAg1,SMAD4g3,SMAD4g2,SMAD4g1,SMAD4g4,IRF7g3,IRF1g1,NFKBIAg3,IRF1g4,IRF1g3
IFNGR2g3,1.0,0.7020271220748516,0.5284206188539708,0.4476238913278712,0.551150695018829,0.6310815819773455,0.7219227134303137,0.6717969537734687,0.6822521587299226,0.5781757400149775,0.48219545471790903,0.2263525071944873,0.3689634574535658,0.352106253127887,0.36062969813351364,-0.09454378256447582,-0.1592749197758718,-0.1517125139652177,-0.16177639935861554,-0.18008156048914103,-0.05297882427013078,-0.22348917479134098,-0.14577263909204047,-0.28437677526102234,-0.35990546611171925,-0.27815570774397735,-0.2961625818644528,-0.25706365497826683,-0.37453502720239257,-0.4372376383429996,-0.21098309440617025,-0.39064718068666765,-0.21111122608585894,-0.17526354839113334,-0.18346037747913993,-0.3051916292217702,-0.37253273995716185,-0.3715847687087827,-0.4677944665066482,-0.4415844703519168,-0.49851050999768376,-0.5546541764384418,-0.5073068833227652,-0.36751621642059834,-0.3960784274691621,-0.3379126423977109,-0.3031775990146307,-0.3660532518796104,-0.41001762584868995,-0.21032555707730824,-0.16140387476783746,-0.28578470322365324,-0.19318990092738303,-0.05869799170855075,-0.208069845258838,0.010110155643715911,-0.0388364280731973,-0.044427194593465086,-0.1980840969418967,0.043108209625245204,-0.19556835069083903,-0.0035745015129527743,-0.03224328083149029,-0.03644013606346156,0.0017858500431254677,0.12586406797908967,0.11524269020035852,0.0985535397708436,0.13351261860872068,0.14231462999541122,0.268844603673619,0.050426471035636154,0.1537829891639938,0.31453841801521787,-0.1648940131299073,0.012800038770328558,0.2762833948771952,0.08147177340753713,0.19415390993586654,0.11785561092542522,-0.08645071009640554,0.11506118760300121,0.10688595859906845,0.14957014325478946
IFNGR2g4,0.7020271220748516,1.0,0.4978105862071237,0.47780164393186936,0.5079372262202183,0.5080108877419677,0.554514859836035,0.6446832950810468,0.7469128883182797,0.38325761009953935,0.46890703583787885,0.23250817953987588,0.34954810070205045,0.25480364389156496,0.4062469763855322,-0.13688095730089317,-0.20069361821878934,-0.025789098004876276,-0.14783530154903965,-0.23632940462011245,-0.15319311877519456,-0.14199077225619872,-0.24042583330758582,-0.3222112273439042,-0.27105915794590313,-0.2442461293065502,-0.09467532489509525,-0.14379767395713872,-0.33210267339585914,-0.3376644573791224,-0.127347956358105,-0.34906462302131497,-0.37762934323622116,-0.21261068506845612,-0.36428818464554763,-0.3504603815086645,-0.2471454557972972,-0.3499263287287922,-0.5185775557820225,-0.3912671948627968,-0.49606777983361766,-0.594630018490325,-0.4468186400126503,-0.39223177049903263,-0.4376723996781747,-0.2766168342714966,-0.32461831993507473,-0.32287504210460705,-0.2369785319938052,-0.09223755516959384,-0.05150453534499692,-0.1519908229045706,-0.07136429719617152,0.023442863438089656,-0.2105012327475617,-0.03685687737708558,-0.10160816716174216,-0.016205411349494412,-0.1554858502010345,-0.11516637414541586,-0.2342280853069755,-0.09012038498554323,0.0015448651634860154,-0.1602926220759637,-0.20405433970159245,-0.022211542144792016,0.08346105557000755,-0.04233489356493734,0.015860589751451923,0.0824972765850093,0.06284368932057251,0.07906349327996375,0.05430540568798728,0.10612569881631777,-0.06656312990436168,0.06063333801635856,0.3684873872858702,0.16206342736694948,0.1962820952111577,0.24166637830561405,-0.05409803264203297,0.29461528971182255,0.2548914009632345,0.21452742605920705
IFNGR1g4,0.5284206188539708,0.4978105862071237,1.0,0.507898441962934,0.5769773009155658,0.5835375564459224,0.5369073083426639,0.6092605102464926,0.6219255393751086,0.4714439121638627,0.42759711490886915,0.20764161126041492,0.33056809518440733,0.3378991758045865,0.43289164286783155,-0.07415821810882738,0.04127673562234111,-0.12232575743835931,-0.07443080620373674,-0.28024554816932057,-0.15985708341645352,0.012398829367455436,-0.13169528354268362,-0.25219633563438526,-0.1196592032119141,-0.09499750357047457,-0.022323027034697757,-0.23562357687827867,-0.2959336434660442,-0.2870832032567125,-0.16428185962528424,-0.4184291718395861,-0.36325707409276214,-0.25440634650941246,-0.21291584691691862,-0.235832450171107,-0.37329898594691485,-0.26792610967401964,-0.4107032595935776,-0.3085283426669502,-0.35077473376028256,-0.43181480146975165,-0.37095970414711454,-0.27228989396364744,-0.39764512695025334,-0.21016287038030645,-0.38533265362691116,-0.3499952148785013,-0.2395961399680872,-0.05749185112078384,-0.17608357160263266,-0.14599622188658926,-0.003002012753556274,0.07457143811767132,-0.028557665557839305,-0.1061780903516046,-0.18871581893278672,-0.17021918813473963,-0.2708585828348267,-0.10128736545175009,-0.1668109201523701,-0.11419092966278009,-0.08679333198174334,-0.13552612671610853,-0.04123964590053811,-0.01930962279556928,0.0032714686272360756,0.0018913689620959158,-0.01459168848106604,-0.2319863578559042,0.22705008728952772,0.026416521456411032,0.01153346073085067,0.07818013930256304,0.050006510406119635,0.012672164008762659,0.16064525101379665,0.0007802571794788764,0.0056499280716681664,-0.09124783339843602,0.014635426409766861,-0.043204981064914987,0.23979461704559152,0.16135377690850744
IFNGR2g1,0.4476238913278712,0.47780164393186936,0.507898441962934,1.0,0.5559596525542377,0.5975939009497023,0.5730614523120389,0.6297686221245384,0.6831868538899796,0.5812318696942798,0.606368700396294,0.3892391978900378,0.37921980919288967,0.41219993856722903,0.4603329135235387,-0.2477760348838421,-0.13713786141687764,-0.07076015985187852,-0.28621850256494097,-0.198764196529275,-0.15703820604865387,-0.25789767532763236,-0.15748808219539945,-0.34017313255780796,-0.09276507215621169,-0.22091557626543107,-0.24842882260106394,-0.1922620925625313,-0.2439465456295163,-0.2800716489423188,-0.17627296797764638,-0.14505530813273088,-0.27157502089333446,-0.2623813782793538,-0.18706607392781868,-0.300877373583225,-0.30693105514153446,-0.24886141990647168,-0.3638340878933167,-0.26985701784586646,-0.2932836505844284,-0.33592171662957077,-0.3616137388741963,-0.2087874379715677,-0.2890933748860861,-0.19954848802757946,-0.3051538607696643,-0.31313453698535676,-0.2088295249132944,-0.10741617823553487,-0.16040331163716526,-0.2332040008617574,-0.25799077926052305,0.025259421594936625,-0.16240664407318828,-0.19471306018433251,-0.19681340961670582,-0.08460297881375013,-0.39777381753737795,-0.2714900712691233,-0.10268311026501566,-0.151374426307744,-0.05778861717851805,-0.09549061931305888,0.06829969652192835,-0.07981553015276555,-0.045297835899434,0.08057031514674697,-0.06131808790289627,-0.004625970960716711,-0.016309050946235908,-0.01254611992796086,-0.15085514616112608,0.21616040418192198,-0.10815897504067076,-0.00903981613013768,0.08588633793237546,0.07589102528407288,-0.029290036666132006,-0.0184770133059836,-0.0068459035208535595,0.016289033046458613,0.12588488035195622,0.0765771937484174
STAT1g3,0.551150695018829,0.5079372262202183,0.5769773009155658,0.5559596525542377,1.0,0.6621378795442041,0.675587983799924,0.6675589130538264,0.5803764101952068,0.45495600828324567,0.5238173597235136,0.31051323904293576,0.36172229050418875,0.3778689544042242,0.5734261071291884,-0.03281808782858643,-0.08331713341836715,-0.0521844796433285,-0.26076635614318083,-0.15237639538411138,-0.2332082501807921,-0.1420385484632287,-0.31748651082545615,-0.31756667794687937,-0.23129393173286047,-0.09933347653749362,-0.16391296545992043,-0.18112610551350683,-0.30708425542966256,-0.1492708092565748,-0.2756592061977461,-0.16554549360236626,-0.2674086815193339,-0.34074688837119127,-0.27719321346399367,-0.24352573563803553,-0.2838081920595192,-0.23768184147887364,-0.39550919237440796,-0.3128349905446512,-0.3317207588483911,-0.3829432435927022,-0.3015510078541767,-0.33073890969222247,-0.31088089201504837,-0.286238486597816,-0.28673893108804466,-0.3030951402365082,-0.2324090250858032,-0.23385725587153985,-0.21327414156826524,-0.17409611079016524,-0.1490815496915149,-0.11396665262757094,-0.2014885418493784,-0.046110780190849375,-0.21992657636412263,-0.15745531177919941,-0.3162939565563065,-0.042479848251612086,-0.22009510621618875,-0.17195331552581233,-0.13337136444844847,-0.13111349689419638,-0.12742591630457129,0.006256110499689566,0.004081723034422985,0.02472086164748429,-0.03598148299028944,-0.07130691729127478,-0.049135689522910427,0.1053995990118067,-0.07057185599048503,0.21965768293814322,-0.027839572229583387,-0.03174467370780084,0.12980336002794665,0.07560527318992727,-0.015406827520206225,-0.057516231651595404,0.10301301468438116,0.07006577143055914,0.032015799510854225,0.09183161829394397
STAT1g2,0.6310815819773455,0.5080108877419677,0.5835375564459224,0.5975939009497023,0.6621378795442041,1.0,0.6871737353059829,0.6506670296743144,0.6819018344695778,0.5560324127646807,0.5392468991785134,0.3750084958277548,0.36745763930368824,0.3774387349100548,0.43068320557531825,-0.08358378949913388,-0.1496679985629666,-0.17707914730548857,-0.14792715028127665,-0.09850607647578992,-0.18573018930573928,-0.3529283023458533,-0.28285368003416655,-0.2749049920844866,-0.27416884489377563,-0.1550340517077724,-0.1843752660716069,-0.2166068584403955,-0.24471941097708186,-0.08308719177635229,-0.2889537068820826,-0.23254644243760753,-0.25490281415671323,-0.4005707032099974,-0.26021445340317906,-0.3279528978534388,-0.4211170442061082,-0.3502955972608996,-0.4692590371484528,-0.3383657626350981,-0.38239811894763753,-0.4536177645320275,-0.3719213438198097,-0.2370477861914567,-0.3029139466787753,-0.252165722973217,-0.2657996520732718,-0.2983665823742326,-0.2133331657548573,-0.19183974033957765,-0.23741034312614726,-0.18081614453315484,-0.08466189536812324,-0.03380145379625988,-0.2922613257505515,-0.12999205677203338,-0.18997698504699792,-0.18084130788387437,-0.39355265657245897,-0.24180594837973465,-0.1436003416312904,-0.2382543651982618,-0.06902140717245304,-0.15563201322961384,-0.007586138525409721,0.008300367240886165,0.04876802965885163,-0.061820278094196074,-0.023571170769527864,-0.03513634300035493,-0.02097629433278648,-0.036507530006500054,-0.15385027033041612,0.22532248473472435,-0.15800696930940678,0.022278122414332212,0.25755184203942777,0.08621117411446755,0.19124410807700845,0.0638355717903074,0.0030294030403246633,0.04037746161337966,0.15816971358687895,0.1666975935874165
STAT1g1,0.7219227134303137,0.554514859836035,0.5369073083426639,0.5730614523120389,0.675587983799924,0.6871737353059829,1.0,0.703720380840502,0.7197490268173381,0.6262513764934955,0.6404040451867314,0.17040950457819704,0.36028229142206597,0.3873445425134329,0.49940370962439373,-0.2001457922850632,-0.18981982910004383,-0.1423518067427114,-0.251288136260986,-0.16289302908357547,-0.0992143386400309,-0.19310182592137673,-0.31996270726610365,-0.2601538264428628,-0.2312967498320283,-0.16765518705432905,-0.276245072067908,-0.2512474995056938,-0.2993536746395638,-0.18523715254047354,-0.3360272915927543,-0.1962018239982546,-0.3037053416214138,-0.2540639929956388,-0.3250699719030659,-0.21867593197821567,-0.3831973867280913,-0.3520672602319649,-0.37941241935578635,-0.3743464867810891,-0.2940553095972674,-0.3681220981190731,-0.29909441672865533,-0.3596649782962393,-0.3466011137697756,-0.29298067484906626,-0.3032486795587741,-0.37634639510910595,-0.3376716133507875,-0.1515818939640464,-0.17371350385396309,-0.23522640163680128,-0.18324803770604128,0.004487848842784889,-0.11596006082653411,-0.017715600140781815,-0.1733186166762461,-0.3028780719063654,-0.343757132222353,-0.22985979527012812,-0.12294394974505081,-0.07287325933803969,-0.08679018550678637,-0.06658190830369716,-0.04619589509872394,0.028462660459590058,-0.014630361341852244,0.022000763829673923,-0.128453041120906,-0.052070874991285356,-0.011197243394349377,-0.024389314274796806,-0.0912752268693689,0.2595008484263075,-0.17204971448228024,0.00842659323144328,0.18589728774911785,0.02778577062871014,-0.01608053572763276,0.11841263623886787,0.043239774865365815,0.022119649424596644,0.10055805420171203,0.07996095732099388
JAK2g2,0.6717969537734687,0.6446832950810468,0.6092605102464926,0.6297686221245384,0.6675589130538264,0.6506670296743144,0.703720380840502,1.0,0.8014751281034842,0.5814938441960051,0.6554237016473986,0.41968879998501585,0.4479407516699236,0.43069723139447413,0.5322277890936236,-0.0642191902815674,-0.16795642245031386,-0.07017559452927138,-0.19113757600189624,-0.15884299765740065,-0.08430164867685158,-0.11261393686716792,-0.31357139193201217,-0.34012248324611577,-0.3033344825364636,-0.12100878880937206,-0.20792366958486527,-0.14971745102852163,-0.4794967537165031,-0.31263767825989547,-0.2488421723098049,-0.23031035175199263,-0.293558400041107,-0.3866619657598977,-0.26528939321560047,-0.2905103694381711,-0.4092964809974491,-0.29546163141982584,-0.4267757831801409,-0.3980840717348565,-0.3907918973392343,-0.5169421196166315,-0.419324094012372,-0.26639976763389195,-0.3843560738782758,-0.2713178935572797,-0.22710207336309393,-0.2928610921786397,-0.2941753716071589,-0.11164568801862146,-0.15515889733568672,-0.2855028569407807,-0.23615454141039954,-0.08093362045009797,-0.15584169346474994,-0.1337836939921,-0.1993844703843541,-0.1865104245476998,-0.3966631644638648,-0.33118983199711866,-0.03246423045205186,-0.22443926423427304,-0.1381944281235671,-0.037825286428749855,0.07417020177969741,-0.014460459491995063,0.05139503606083652,-0.06087225597733782,0.03049907049822182,-0.08645381135821309,-0.004749642426343991,-0.0013534598779169737,0.004445168621269673,0.21884501574313087,-0.2846917408153142,-0.08683453858510815,0.13605945699270933,0.0160244745382935,0.008591907761923312,-0.005901270486670105,-0.08692746017577885,0.027663557256797193,0.1313558094966442,0.18517552154634329
JAK2g1,0.6822521587299226,0.7469128883182797,0.6219255393751086,0.6831868538899796,0.5803764101952068,0.6819018344695778,0.7197490268173381,0.8014751281034842,1.0,0.5718735199633965,0.5786211632692458,0.2461210101894133,0.4498904810588313,0.39616627131937265,0.5831754425799718,-0.1998533808574791,-0.13475935947798456,-0.08095849184724162,-0.20908472943869127,-0.06680996753678047,-0.17645143071158137,-0.19730920221094664,-0.18551387048514914,-0.38132310349743714,-0.19257405244448353,-0.1648625745031645,-0.2201910222632456,-0.21305208748595894,-0.4147556453872607,-0.3121462544836013,-0.28788196076627987,-0.24660089700104856,-0.32480897930374614,-0.33279410068644544,-0.30715110843128823,-0.36357194156043066,-0.4447480292222007,-0.31130567591705094,-0.5106221676027517,-0.4516880487581703,-0.42177218960234814,-0.5560352038454129,-0.47941670876949005,-0.29867339853613073,-0.3325064474309436,-0.26280525237135943,-0.32666554948871285,-0.2853224945743633,-0.3392570505215062,-0.1392112064847008,-0.1959348542901368,-0.10946222074915118,-0.1382757158634001,-0.07216036651734012,-0.18432553950840228,0.020797738320594308,-0.16566335470557242,-0.1660528815643594,-0.3311909147340456,-0.30103188733260045,-0.05702245846495213,-0.11056190817528752,-0.08963665529319695,-0.20946522022004868,-0.08503247810545879,-0.03175120724140571,0.03842127820916865,-0.04372896200751436,0.02077986303023618,-0.08500053250880328,0.045587789189971445,-0.03871438066983711,0.005166140335697268,0.22535742954037769,-0.22735307266745838,-0.020576421532807795,0.24077929711712687,0.04629068708384802,0.0751822959379647,0.1232415365925309,-0.08140871269798734,0.12128890237042182,0.18047163171847358,0.13662140967685588
JAK2g4,0.5781757400149775,0.38325761009953935,0.4714439121638627,0.5812318696942798,0.45495600828324567,0.5560324127646807,0.6262513764934955,0.5814938441960051,0.5718735199633965,1.0,0.6645787967137394,0.3548790860361489,0.5069809149518562,0.4452177652835361,0.5753796995151025,-0.281029726898254,-0.22655362916665256,-0.27990021138436827,-0.09309174376221348,-0.03870480692104696,-0.10546787390290449,-0.18463494720675008,-0.10258910765182434,-0.21975613366937677,-0.26656124080388927,-0.20118079384787374,-0.23124273791098685,-0.15959268494499795,-0.2775542670213924,-0.2732755959158486,-0.1974447927419928,-0.20146956781715736,-0.21347949805738817,-0.25034345452857776,-0.20002982965912736,-0.1907926634499933,-0.16111445573149935,-0.10274078814080116,-0.16502759467601294,-0.29089059763496494,-0.2861334575481197,-0.2194002483686945,-0.24708324989679106,-0.1005797429644991,-0.2687602160420526,-0.20789728988785328,-0.2204981873401807,-0.3281026569725266,-0.27355568801040603,-0.12027128305230468,-0.23404313173026206,-0.28274702126555723,-0.2364343062085582,-0.1984682063270143,-0.2288566813525898,-0.2074815939101126,-0.15287585443334173,-0.19710991143764398,-0.26454999848281374,-0.2116808038975551,-0.06714588937948801,-0.11527459542607554,-0.17311951612403287,-0.06777571324263686,-0.014125826112143192,-0.026237870553616087,-0.052873953249143096,-0.11632360465889247,-0.06155315799982878,-0.13305296077374693,0.053051111724179895,-0.018883154509031545,-0.10278038877306205,0.13526290027606708,-0.25850277766086677,-0.14809827670406867,0.0196675578777155,-0.033306039652061185,-0.007756629332987935,-0.034566090880298585,-0.1230913091819942,-0.11803991252845274,0.01946528699934573,0.05864790343117744
JAK2g3,0.48219545471790903,0.46890703583787885,0.42759711490886915,0.606368700396294,0.5238173597235136,0.5392468991785134,0.6404040451867314,0.6554237016473986,0.5786211632692458,0.6645787967137394,1.0,0.372181812249023,0.5103171642070377,0.36801778479792907,0.454819564197246,-0.24039587751786776,-0.15337383789741574,-0.15865098036596334,-0.22084494700273097,-0.12666280679677835,-0.23029944789727766,-0.21936354821761786,-0.19460356750425217,-0.369408582443909,-0.16166005197689912,-0.05612269391466263,-0.22646333497661975,-0.14534014654162075,-0.3453278411784313,-0.2265031907350655,-0.2617130465305906,-0.10239219401097291,-0.2337624707801348,-0.3327060538416174,-0.26026327252871734,-0.20736441831065516,-0.3258143374947225,-0.15143722873577234,-0.29580682467393854,-0.17037645412005664,-0.19790446116417468,-0.2744504188726763,-0.30912932989048986,-0.24318310392781967,-0.14269317434268844,-0.2595787891303426,-0.26859263907958775,-0.38127438303403266,-0.24133654906994284,-0.2541795010477447,-0.129970951018381,-0.3893094778453172,-0.16156564002910492,-0.07100860894820465,-0.12545481386879206,-0.09595393560318115,-0.19710136171892098,-0.31355767561155146,-0.3167856673895291,-0.37737850475279305,-0.1008032854802839,-0.19365290300368074,-0.09894108913040003,0.03666532822616925,0.08408472678935841,-0.01429945757869465,0.028374750260263575,-0.06441340521256537,-0.06475645115592864,-0.008238114503229234,-0.01683045407847124,0.01714856822804594,-0.11111800228043792,0.1057919893523731,-0.17709525543174462,-0.04812463878497841,0.07562841414051788,0.06911653654432759,0.05784077224991682,0.026123888054926894,-0.13292429180042845,-0.1365633865329759,0.03123304269752388,0.054010457485594646
IFNGR1g2,0.2263525071944873,0.23250817953987588,0.20764161126041492,0.3892391978900378,0.31051323904293576,0.3750084958277548,0.17040950457819704,0.41968879998501585,0.2461210101894133,0.3548790860361489,0.372181812249023,1.0,0.25048596495555514,0.2906070750639145,0.38302799511591445,0.03712088400069379,0.05521791380453697,-0.030864378327976824,-0.014463133839386558,-0.013031132390896719,-0.07143267358780893,-0.260218423035126,-0.16460031672328132,-0.20079619037767804,-0.009210973531675421,-0.10813812594372471,-0.027332651470466814,-0.06158704217047463,-0.051906987674123516,-0.043367026810780154,-0.1402749632444626,0.010912854704798644,-0.009203709407235609,-0.18680684493832422,-0.08089857699314072,-0.09673249135309674,-0.08669310323497166,-0.0681122552726013,0.021826211416218048,-0.09355590398087915,-0.17730763425977228,-0.12007477052209649,-0.08196323772700109,0.1327951181775288,-0.13512470490723283,0.03941407373352128,-0.0806125695179141,-0.1736777923470538,-0.09985041646118645,-0.0699173410686675,0.0006085797137538433,-0.34524226518259876,-0.15781582184495,-0.12907148838785812,-0.24271005470119458,0.05468008905486474,-0.15218368959498113,-0.16677514835372245,-0.3329833379608212,-0.20851406184039886,-0.13302951165547508,-0.12796433694222945,-0.12881654278955712,-0.11828829547921042,0.06586598868858899,-0.12369472188732789,0.03864111367236583,-0.1700927615392293,-0.06042934019720863,-0.17951709411499606,-0.1303413659468993,-0.2648432413321944,-0.25624092849380564,-0.2045583172859951,-0.22771339985392727,-0.12110853120033044,-0.20462694220528943,-0.11439225155652089,-0.14511602059236964,-0.12702887692991857,-0.0859434658474556,0.008894560821033121,-0.01040844273741057,0.09650372824490538
IFNGR2g2,0.3689634574535658,0.34954810070205045,0.33056809518440733,0.37921980919288967,0.36172229050418875,0.36745763930368824,0.36028229142206597,0.4479407516699236,0.4498904810588313,0.5069809149518562,0.5103171642070377,0.25048596495555514,1.0,0.300587460395971,0.3877780706387783,-0.02689895344638053,-0.15267322788868629,-0.11968944672406616,-0.025272959332005213,-0.034167066997644345,-0.09954634350346282,-0.19766294310574942,-0.07226363813249362,-0.3175324600036172,-0.16319071022023973,-0.09535279739440296,-0.049910802379393236,-0.15230134902175543,-0.31200532868060915,-0.2513505089083207,-0.04677143375768752,-0.20008264227314812,-0.1280698065544282,0.0028670384868225403,-0.17537240106320345,-0.09285559112093963,-0.145114229794284,-0.23096666101658606,-0.11494420969070249,-0.22197774141859053,-0.24871875571196977,-0.2382954468202308,-0.21258946831124587,0.023933725069176383,-0.057884815784747086,-0.19112766045856025,-0.019029315991438523,-0.32155178550062247,-0.06992975538596292,-0.23018983882774005,-0.15093283280479242,-0.18630213950982386,-0.2322697000860405,-0.1668849835764131,-0.1502693634575703,-0.08603498692615141,-0.02574300125041004,-0.20803340973135978,-0.13836899556579993,-0.26922195969206647,0.03959146491428921,-0.0005571090604787783,-0.06525844272633477,-0.008666061974099309,0.056890863095094384,-0.008509649700024604,0.061460171384947956,0.10497690179008197,0.1011131948215969,-0.19476110914867342,-0.10552677152770258,0.042457705894510166,-0.2382385556452274,0.07707262241454982,-0.2582270445109048,-0.12634192765634444,-0.09015494749502437,-0.05621562778836441,-0.04543672149154722,-0.0022045715273853374,-0.11455642097823292,-0.15440167493351428,-0.08615502405679619,-0.11837520153974697
IFNGR1g3,0.352106253127887,0.25480364389156496,0.3378991758045865,0.41219993856722903,0.3778689544042242,0.3774387349100548,0.3873445425134329,0.43069723139447413,0.39616627131937265,0.4452177652835361,0.36801778479792907,0.2906070750639145,0.300587460395971,1.0,0.40809318620872687,-0.29890760958814666,-0.19971293887966682,-0.09168004811884913,-0.12450951115432952,-0.009471074667432236,-0.13917154721674668,-0.17749816002344546,-0.036781767142131085,-0.18273821090501274,-0.13835065681928602,-0.06991528600590576,-0.11090285859147551,-0.10787773684610122,-0.1573402401875344,-0.15567819396118776,-0.005389864775256273,-0.04907241591736206,-0.11285002013716769,-0.20234649409860467,-0.10627483840295984,-0.108744757821833,-0.10947717166305042,-0.0792143089931055,-0.12045979669894896,-0.14150367761175217,-0.1086063741428458,-0.08008637874130506,-0.14685478748823474,-0.046866987781412524,-0.12022438344686576,-0.08147922355210321,-0.049089055976635015,-0.1653769958685788,-0.14439981340519478,-0.10771457095905147,-0.13507708044219346,-0.3005037720872724,-0.15095388934944262,-0.185826880778179,-0.1005999477301359,-0.14511670573489405,0.009382933107758552,-0.23106790598712654,-0.44589831655676276,-0.24331954613034,-0.09149491474271905,-0.12667308045260903,-0.052539735786221106,-0.09440551281534496,-0.08890581577501822,-0.10560391239190275,0.17704385740235304,-0.22983795429879678,-0.17311177075294598,-0.08047542411571336,-0.05060038728829172,-0.09363154934696713,-0.13409893965666744,-0.1986358747463708,-0.2025093872190059,-0.13957408129535231,-0.03293271907743113,-0.060998540489480085,-0.01852167893392287,-0.21069390162425358,-0.07363728295862766,-0.13343365044844333,-0.0008878162759071969,-0.012394536088612922
IFNGR1g1,0.36062969813351364,0.4062469763855322,0.43289164286783155,0.4603329135235387,0.5734261071291884,0.43068320557531825,0.49940370962439373,0.5322277890936236,0.5831754425799718,0.5753796995151025,0.454819564197246,0.38302799511591445,0.3877780706387783,0.40809318620872687,1.0,-0.14772279905154057,-0.06411305547628898,-0.17938583410041198,-0.17406407634344265,-0.12332030778380956,-0.07383330852821404,-0.23454808527138774,-0.12211310100567895,-0.1858043627159635,-0.1402646517188385,-0.043117200785692485,-0.12327783078890428,-0.187211952309515,-0.1335308091652206,-0.08970081340377352,-0.2745662502656072,-0.08001796521712712,-0.18654505465627408,-0.20411005988277534,-0.2521647833853532,-0.2026190383843152,-0.18416224746522894,-0.11299863788822588,-0.31380973854323047,-0.1957500996245652,-0.09994035858209319,-0.11259799954039357,-0.14015214110346372,-0.107528963952201,-0.14946904974119063,-0.18117012022113338,-0.16656248858595804,-0.2423857781469576,-0.16653777522387953,-0.11676492729145632,-0.19956919444996885,-0.1638495552743148,-0.12334799732425272,-0.12582744041961158,-0.149289680546062,-0.13803277891050544,-0.1969530638820906,-0.25115593943376996,-0.3437968280329982,-0.313109860298654,-0.19305246339705484,-0.1294936692753231,-0.15721090003527832,-0.03094088591892952,-0.06053589156493324,-0.07745293457562412,-0.004007294472681829,-0.2620917285578666,-0.07118516836205219,-0.18622871506283878,-0.2139686616405243,-0.17142734700000242,-0.16313709024846998,0.020959145854240607,-0.14037855548735279,-0.100156740057622,0.059934810847466054,0.010116090557268571,-0.10558654397218671,0.0338021488662234,-0.18491391164558477,-0.15529818197506387,-0.04436766074924649,-0.05762703999470551
CD86g4,-0.09454378256447582,-0.13688095730089317,-0.07415821810882738,-0.2477760348838421,-0.03281808782858643,-0.08358378949913388,-0.2001457922850632,-0.0642191902815674,-0.1998533808574791,-0.281029726898254,-0.24039587751786776,0.03712088400069379,-0.02689895344638053,-0.29890760958814666,-0.14772279905154057,1.0,0.1731350613688208,0.15229112683880158,0.3075742026728614,0.01732286290615091,0.09717360776570236,0.01667045070308288,-0.12133196730568527,-0.13240571392089256,0.1918589190230329,-0.08781580906989696,-0.0895058286684738,0.24597799176408586,-0.0421792027558045,0.10324463761830613,0.007029997594427805,0.08927452533944306,0.10585347433888734,0.10581111071288128,0.0037144969088094277,-0.017612846445332623,0.014495677390914768,-0.10382533208678059,0.0040174578835425944,0.008458728620655331,-0.12060656767513822,-0.11931421480013775,-0.06581455889649424,0.2651586620533676,0.22706459582241148,0.10165878374041758,0.09303726572788447,0.1769800074977043,0.13400561037003622,0.017776798029658137,-0.05177809383983653,-0.0036521189013602635,0.1334475198335021,0.09428980208174544,-0.019392368763111904,-0.14252036965047277,0.16125868300374632,0.04665268874841032,0.09882543990946786,0.21836167707044674,0.12049564376492464,-0.06059861250003325,-0.05511838304472317,0.28588346260716196,0.0915192595108066,-0.1349471193145728,-0.09620029948775904,-0.1644646322548493,-0.04757840618776165,-0.06890302977407492,0.04736277028897402,0.10557756438346098,-0.05085546308947138,-0.028865036282663677,-0.2941858965185844,0.16982001745683706,-0.10973363283398765,-0.06832347184952058,-0.10630673362824954,-0.10147608470875175,0.02243236654254323,0.07478346742390507,0.04344294634303715,0.02551470181393601
STAT5Ag2,-0.1592749197758718,-0.20069361821878934,0.04127673562234111,-0.13713786141687764,-0.08331713341836715,-0.1496679985629666,-0.18981982910004383,-0.16795642245031386,-0.13475935947798456,-0.22655362916665256,-0.15337383789741574,0.05521791380453697,-0.15267322788868629,-0.19971293887966682,-0.06411305547628898,0.1731350613688208,1.0,-0.016002556800747993,0.09889276406795662,-0.014177272065390916,0.2829482488605655,0.320254518409093,0.17423663244753354,-0.034826942737587005,0.25637291918735405,0.07793257984465896,-0.059142452042818025,0.032778218093002645,0.19915241382372242,0.10146891401558539,-0.09795232610943021,0.12072695156151937,-0.07376862699373447,0.028851178729070098,0.1197178960928008,0.04336895095582595,0.03065022708533611,0.00841465184303254,0.07799302645257174,0.005267781279023185,0.03075879455947174,-0.1531541682233148,-0.04975981851927257,-0.05893416369079919,0.12251520733018119,0.028978379763022696,-0.0846151733394948,0.02129211524909386,-0.03323235952654926,-0.19607816859437965,0.01938237805378337,-0.02493724833028302,-0.1823617561941036,0.12283692674897558,0.11890581797323403,0.04050499015118776,-0.026611962957023734,-0.03325217796309676,0.02914801590594041,-0.029612605615298094,0.01289033854032621,0.09190299519292218,0.04560547065006412,-0.04011882252999973,0.26425943866753654,-0.052966587214517385,0.15073283236168172,-0.17274744195677522,0.20623689434916245,-0.08601154180824977,0.06275019892142078,0.17807384406983937,-0.061603661433616515,0.042526073044426106,0.007974193985337665,0.027662082833060226,-0.019894406209962617,-0.05712660715016509,-0.1134062344915639,0.09711687171608704,0.09487750215959144,0.20580171804965663,-0.03772706381264992,-0.17236588246278928
POU2F2g3,-0.1517125139652177,-0.025789098004876276,-0.12232575743835931,-0.07076015985187852,-0.0521844796433285,-0.17707914730548857,-0.1423518067427114,-0.07017559452927138,-0.08095849184724162,-0.27990021138436827,-0.15865098036596334,-0.030864378327976824,-0.11968944672406616,-0.09168004811884913,-0.17938583410041198,0.15229112683880158,-0.016002556800747993,1.0,0.20542438557493434,-0.11260223537337599,0.12061674308741853,0.006493148958070036,0.11444292672640335,0.01747348365722059,0.17042589015695436,-0.08276245264466,0.08096356997145644,0.16706613160764724,-0.02700608577258682,0.07086576000124893,0.03189311353002022,0.013621398997091015,-0.005973070838977693,-0.09587271550552688,0.15242167204084262,-0.04495057050254094,-0.19682963375273474,-0.10391386834556672,-0.028274440880708886,0.09814486172918391,-0.03634601880073925,-0.1355260592795589,-0.01374195681098176,0.00838610805408421,-0.10159669314849556,0.09507806282393665,0.11664917679967195,0.1269880806872393,0.03142795132518969,0.08271440376329313,0.023632813221632947,0.07268747883393346,0.12736611821328456,0.04782309868860571,-0.14008628977465665,0.09474093868368465,0.16896276641987265,0.1945135837918971,0.15733821599702927,-0.18834819004233253,-0.18068050243962577,0.06717208757424903,-0.04938893316251316,0.0025935436075388797,-0.06182481141864182,-0.03145602497221613,0.010824388080276314,-0.12297278468524186,-0.0740664390983484,-0.08096693714396903,-0.02464338242601488,0.12110507513047117,0.005906834728059633,-0.1507471827217873,0.0537442480743752,0.060954443887737374,-0.06154240447864314,0.009071588080514642,-0.028422931836513343,0.04687418122264535,0.14232404070674523,0.13697015729596995,0.033810555380662195,0.11981026737573314
UBE2L6g1,-0.16177639935861554,-0.14783530154903965,-0.07443080620373674,-0.28621850256494097,-0.26076635614318083,-0.14792715028127665,-0.251288136260986,-0.19113757600189624,-0.20908472943869127,-0.09309174376221348,-0.22084494700273097,-0.014463133839386558,-0.025272959332005213,-0.12450951115432952,-0.17406407634344265,0.3075742026728614,0.09889276406795662,0.20542438557493434,1.0,0.19937885910966582,-0.041102136346523196,0.06199046539940101,0.004270567447167345,0.12368665698118107,0.1694748856894517,-0.1627678852200984,0.07023854867328255,-0.09222328290702424,0.009956743084403299,0.14588367740490862,0.19578479226472803,0.051425156958227476,-0.0561543761204579,0.21484954106120605,0.04825477464402584,0.03628017832539632,0.007020145620966147,0.08846589326286847,0.1572920426112118,0.099208004515306,0.026401557266559357,0.020040038383461696,0.027864226332285334,0.27632760343829443,0.11256956294733059,0.24397364241682104,0.03605489573184116,0.03280931855309023,0.009006820648639226,-0.013351576955360857,0.060433846516052325,-0.06753392989341236,-0.09463214977537004,-0.24102822129080245,0.10063482337557697,-0.18644821340629275,0.17583694875515107,0.29623131138127695,0.3630773550897734,0.11896646357469225,0.1455493425269014,0.12205916901882682,-0.05068932024290722,0.1479325753060283,0.21260549332762022,-0.15204959755935352,0.1561127139340548,0.0334590125891186,0.033830546065341034,0.018573071126517893,0.2144067218573665,-0.04838445084046342,0.022743586932440257,-0.03448358384302696,-0.10439387039534748,-0.22555088211574492,-0.21048303980423402,-0.22411086741516567,-0.23331664960088375,-0.09216281654256059,-0.16807499398274084,0.0519656772001962,-0.13969462922039688,-0.04752145151695853
STAT2g2,-0.18008156048914103,-0.23632940462011245,-0.28024554816932057,-0.198764196529275,-0.15237639538411138,-0.09850607647578992,-0.16289302908357547,-0.15884299765740065,-0.06680996753678047,-0.03870480692104696,-0.12666280679677835,-0.013031132390896719,-0.034167066997644345,-0.009471074667432236,-0.12332030778380956,0.01732286290615091,-0.014177272065390916,-0.11260223537337599,0.19937885910966582,1.0,0.04695258519249814,0.10735526980123337,0.020161199757622168,-0.13978041107250458,0.02099067032371807,0.04382379907379396,-0.0960006223078511,0.09033517086819423,-0.0936814767578677,0.23029399893807584,0.2201099121618551,0.10798116142000697,0.14410786151469754,0.11569529000205293,0.033467466575685445,0.012608519607939898,0.07539206829413753,0.08481007402965118,0.169061783451477,0.07937859231947438,0.05088020385698387,0.04093111996938157,-0.008306825585130658,0.30144442259429743,0.18564107310255648,0.13922001843464385,0.0790869896572993,0.07355293776393387,0.1305424111500915,0.07743023296997843,0.028031579721223977,-0.08839022952624795,-0.029846288143933756,-0.17530504628737292,-0.12985705997454733,0.19456500199314025,0.08110990125624166,0.15641825514951638,-0.0027232251065942292,-0.040128879770234084,0.005826263010137576,0.01823694234932498,-0.17625032698315243,-0.0619713323784624,0.19522791802554454,-0.029960830110039607,0.07097982327780122,-0.01892589020630731,0.05156460801899534,0.002650956610483683,-0.04481747529931014,-0.11856331365038482,0.08805093212428204,0.05949112785154501,-0.04738446169582053,-0.14619621819562056,-0.21638654661440593,-0.0471935519287759,-0.1781168829522509,-0.08505273943113617,-0.12261035473406869,0.022042170755275807,-0.076143162478028,-0.11618123845730112
TNFRSF14g2,-0.05297882427013078,-0.15319311877519456,-0.15985708341645352,-0.15703820604865387,-0.2332082501807921,-0.18573018930573928,-0.0992143386400309,-0.08430164867685158,-0.17645143071158137,-0.10546787390290449,-0.23029944789727766,-0.07143267358780893,-0.09954634350346282,-0.13917154721674668,-0.07383330852821404,0.09717360776570236,0.2829482488605655,0.12061674308741853,-0.041102136346523196,0.04695258519249814,1.0,-0.018435611966732164,0.05915149596023741,0.03559059030743384,0.13603059932132058,-0.06961559695009915,-0.07882751457176786,0.006432393677437652,0.08732637311443933,0.13106690551006264,0.2294218311166626,-0.007099994465044173,-0.06921350331390437,0.11396043458587017,0.11719210687253702,0.05039870546949287,0.11903778881583606,0.16038208775565058,0.07624696946924674,0.17710479721364447,0.061500272285723745,-0.07882680124073646,0.006982580733032607,0.0976087052520465,0.03384104458568396,0.02978198493066221,0.09874200530650769,0.061936099448873495,0.07225861084076377,0.023937594655941943,0.14466008729672736,0.016307726199732905,0.07625900491764973,0.07865119317446445,0.0690720943207896,-0.006815097598269728,-0.009508320611069859,-0.035190325130708994,-0.06860668396245478,-0.12931027506653817,0.12098659895363427,-0.0492279371468854,0.053352811961967034,0.0001378554061158202,0.21755424045085411,0.008784079160995677,0.035094546347958014,-0.1718367316113614,0.01664203162098146,0.07057180234918774,-0.05804988259551732,0.016645864606829396,-0.08006837938791223,-0.03629306219873002,-0.12663001224234408,-0.06526863689267107,-0.17644462234106947,-0.043460808185067715,-0.020721167514109382,-0.09760826779712764,0.17381768454724694,-0.1271413885723915,-0.10728178022427819,-0.11854310353106624
CAV1g3,-0.22348917479134098,-0.14199077225619872,0.012398829367455436,-0.25789767532763236,-0.1420385484632287,-0.3529283023458533,-0.19310182592137673,-0.11261393686716792,-0.19730920221094664,-0.18463494720675008,-0.21936354821761786,-0.260218423035126,-0.19766294310574942,-0.17749816002344546,-0.23454808527138774,0.01667045070308288,0.320254518409093,0.006493148958070036,0.06199046539940101,0.10735526980123337,-0.018435611966732164,1.0,0.057626453737524105,0.0928920395454357,0.03462012317812164,-0.13067209216001213,0.04276881670863358,0.058262291791648074,0.08498191096571031,-0.01965973240892961,0.09553721510182808,0.055308420383414464,0.08176248994542745,0.07932862887421004,0.15834468744365426,0.04336644867366913,0.2547561094720991,0.042520961729659267,0.036258449344946604,0.10843853656659234,0.12041390220754372,0.08692981562816354,0.0559646838152854,0.02347932078180599,0.07537308816721365,0.003106246366647588,0.11235454095995791,0.08259303002315395,0.10778901787476046,0.09439639063378327,-0.01870356997363624,0.0985783911680962,-0.08890119489522474,0.15245949221727526,0.060236249738979585,0.05933371457659227,0.050446631135266005,0.0909837365975927,0.204823382748561,-0.025726729237834683,0.07397164483297361,0.08493590681759552,0.013145705460894839,0.005310794977760505,-0.006872467538458694,-0.058784330335785534,0.002214859611835189,-0.10754245142766825,-0.023168624254321445,-0.05095577452315363,0.2112919326047102,-0.07353005310463827,-0.0436017411604276,0.07013518290539364,0.2120828718493911,-0.06258853965783265,-0.06636345981487948,-0.09711834675857833,-0.04691143683953834,0.06736654795724308,-0.01613799948475917,0.1118883389766242,-0.17576819607203123,-0.005766539244898539
