perturbation,HSD17B12_pDS087,MRPL39_pDS498,SPCS3_pDS402,SRP68_pDS403,YIPF5_pDS226,SCYL1_pDS159,*,MTHFD1_pDS395,P4HB_pDS397,PDIA6_pDS029,XRN1_pDS411,IER3IP1_pDS002,ASCC3_pDS052,SLC39A7_pDS219,DAD1_pDS499,TTI2_pDS408,ARHGAP22_pDS458,ATF4_pBA608,TTI1_pDS407,CCND3_pDS006,PSMD4_pDS488,CAD_pDS468,SOCS1_pDS479,DDOST_pDS382,GBF1_pDS043,TELO2_pDS496,TMED10_pDS036,DERL2_pDS042,PPWD1_pDS398,NEDD8_pDS396,FECH_pDS494,IER3IP1_pDS110,COPB1_pDS065,SCYL1_pDS160,EIF2AK3_pBA572,AMIGO3_pDS434,KCTD16_pDS096,TMEM167A_pDS038,PTDSS1_pDS478,OST4_pDS353,YIPF5_pDS186,SEC61B_pDS033,MRGBP_pDS124,IDH3A_pDS393,SEL1L_pDS373,TMED2_pDS175,MANF_pDS027,SLC35B1_pDS046,ASCC3_pDS051,SRP72_pDS505,HYOU1_pDS089,UFM1_pDS040,SEC61B_pDS162,SYVN1_pDS442,GMPPB_pDS391,UFL1_pDS410,GNPNAT1_pDS506,63(mod)_pBA580,SEC63_pDS218,Gal4-4(mod)_pBA582,DDRGK1_pDS041,SPCS2_pDS401,STT3A_pDS011,CHERP_pDS024,SRPR_pDS482,SRPRB_pDS404,SEC61G_pDS440,TARS_pDS405,SAMM50_pDS156,DNAJC19_pDS074,FARSB_pDS390,EIF2B4_pDS491,HARS_pDS466,EIF2B2_pDS463,SARS_pDS467,SLMO2_pDS433,QARS_pDS510,IARS2_pDS091,IARS2_pDS090,DNAJC19_pDS026,TIMM44_pDS430,AARS_pDS381,HSPA9_pDS088,CARS_pDS460,EIF2S1_pDS386,EIF2B3_pDS508,COPZ1_pDS462,DARS_pDS495,SEC61A1_pDS032,SEC61A1_pDS031,MARS_pDS394,GBF1_pDS044,DHDDS_pDS383,HSPA5_pDS017,HSPA5_pDS371,TIMM23_pDS284,ATP5B_pDS055
HSD17B12_pDS087,1.0,-0.10832905677661978,0.08875870520619479,-0.06862899201855427,-0.17990171580070166,-0.09235875939941462,-0.037574655713587486,0.025392540162796767,-0.034065226635762155,-0.045255482801803776,0.1695802840032214,0.06905460098120574,-0.024965177611613685,0.17314054396335468,0.06530474594235382,0.09442032784829808,-0.043537034040614805,-0.10994239217847278,-0.0022103630231801326,-0.0295184558002618,0.20429369786434803,0.08927655689786046,-0.13492108090451654,-0.08856895081336638,-0.04209136655349366,0.10155329759192046,0.07055989962719775,0.18258918686545567,0.13176951824920183,0.12498318711253273,0.08784988451289803,-0.03524842263429349,0.13884243405035265,0.1778132236166392,0.02356560402941121,0.11592465625933329,0.0964949288961265,-0.03481623009502171,0.0002130444630991835,-0.1205887350888709,0.20949002393805202,-0.28835096240400593,0.09359710695908652,0.03858523434201491,-0.04052400673959821,0.0058208742949950815,-0.15200597314614797,-0.04810776387648219,-0.15803026340768755,-0.012919867562669808,-0.2736992879275534,-0.0911878985450609,-0.22784780394345933,0.01347346653035502,-0.30913742090371343,-0.08099156420706459,-0.14007088394631742,-0.034861834124206396,-0.06522767787865955,-0.031103307615853924,-0.04637934083504046,0.004589381436786357,0.007375267185505056,-0.024886081075480054,-0.055940612639670574,-0.10832202351826468,0.03582286667225086,-0.09390695520127319,0.24717121620444069,0.1298105928614586,0.009235136375967769,0.08509175866510306,-0.11131179592871235,-0.11722119556433623,-0.015226744615441611,0.16522790203439378,-0.01785474106962304,-0.08954202939662344,-0.17251026035588282,-0.03555675048013989,0.07854300999374457,-0.13298682925231875,-0.05348915743832178,-0.023709831825318845,-0.010714892076192412,-0.049186036691576986,0.12672455219340775,-0.10969711226251964,-0.07795183155936652,-0.008790310765677057,-0.07508476780565962,0.08277503255362559,-0.05200788626103149,-0.043735214787465886,-0.0048856917498668745,-0.02788228852723145,-0.25814431921442765
MRPL39_pDS498,-0.10832905677661978,1.0,-0.04686737200913798,0.03684848494434714,-0.010996905768969143,0.030884732372974913,-0.11683687060041825,0.12212248993478302,-0.026286801161859753,-0.0104177529931811,-0.05113660758450665,-0.16742163556775622,-0.011311946524555203,0.022675302618934245,-0.06830679880865138,-0.20105243108410611,0.19592843566034096,-0.008004170909811089,-0.043085325983057754,0.013155734090629702,-0.11926489990243279,0.02932463983246411,-0.06361209566499958,-0.07598009907612728,-0.17798165151369283,-0.25404079695756554,-0.04582528420140423,-0.1730439149905927,-0.0628817719401352,-0.09940745097451967,-0.04382991047617926,-0.04710816435114397,-0.25752222058594937,-0.18531880308505977,-0.1124662041045377,-0.08111906004408426,-0.1058580429912167,0.10324928702905257,-0.038842086662295966,-0.003051752840711977,0.126115275472837,-0.03167931432232192,0.11074102607454808,0.19349422582613238,0.15300303584217945,0.05747326035430855,0.3486526616282733,0.13175356316404224,0.2998973936110997,0.2570818711469899,0.14240779671589618,0.16389236792304743,0.24140326336757556,0.1073874493973156,0.1803784278116516,0.19583410033604773,0.4008713814836195,0.27248317648206777,0.33389369572060185,0.2965164252485326,0.13384467294857325,0.3012330588356942,0.09058386999983474,0.27671749537886836,0.10232287835438672,0.07921695563947773,-0.028670678049316497,0.06146959620892856,0.19332691822786963,0.15700978305814406,-0.22064701482391325,0.17963859312134645,-0.04040585229155897,0.0023341405390133988,-0.08041406457498039,-0.11342945671971057,-0.14529435698555934,-0.14590941109119487,-0.16367797464290057,-0.1531260619606429,-0.014063509927129498,-0.10151731509807399,-0.03837833218253206,-0.17869956078264923,-0.20326930596290518,-0.14463427405022122,-0.2569290604193835,-0.040481465344987845,-0.018372220591037127,0.17091898261234387,-0.04748728479216002,-0.09849514091470651,-0.23924610402781324,-0.12950179668802766,-0.1532418658921922,0.3786902205662703,0.30387525020515593
SPCS3_pDS402,0.08875870520619479,-0.04686737200913798,1.0,-0.037961823313702604,0.14015350529806112,0.09237187633388139,-0.022800518806714028,0.08864122624017552,0.08568958025426299,0.014319665082874097,-0.007814381968929307,-0.06431768149396344,0.012469913866197313,0.15985760925804912,0.01844864870523338,0.13351174677238725,0.06302493688821656,0.08686687304002613,-0.00835073302031107,-0.025122669117020477,-0.010078233839585794,-0.07504145062431819,-0.20563073955145209,0.024640201257350624,-0.024213794844433024,0.12001173336859323,-2.953905219570813e-06,-0.08320637617937678,-0.11212931160842553,0.06997055389800477,-0.08105782108244433,-0.036913346242344,0.15243191299898437,-0.14346630756915077,-0.09717416123229876,-0.17510881711024334,0.17463555475907624,0.19915380137160954,0.003681268062596492,-0.04830756874671961,0.02975562708854638,-0.005048149235640523,-0.0010629036673693347,-0.004085493608193858,-0.009960080584297745,0.10501511530417648,-0.08046305706757333,-0.0827441176683558,0.008219927900373077,0.08170173172052314,0.10676027319696299,-0.06290426840813054,0.029118861303524982,-0.04904152919775275,-0.030729594132466363,-0.17911025684434353,0.09578844011804147,-0.21879919199551828,0.015568528349407687,0.12009870319240357,0.11011737016760115,0.22797990481175404,0.1999585927152325,-0.0866750784866252,-0.061007699741748085,-0.2431620910186017,0.16139219550814665,-0.1056035001270971,-0.12602256644884777,0.10451867055025482,0.04451011891202842,-0.025289132168951366,-0.1271187514124898,-0.01664322052344332,0.03928982037560963,-0.05991249346995597,0.003346830431824278,-0.09247718972950764,-0.02060222758666924,-0.061343610109160965,-0.0784818044427529,0.04041421895729605,-0.03110885096048576,-0.052300227145483325,-0.0074510558933626805,-0.04113549338681024,0.004407124415234352,-0.00892268158528456,-0.043103310091648264,-0.03888634789929843,-0.22254395189043846,-0.008035446466447046,0.038582248824224584,0.08494407942536993,-0.007732239286150306,-0.14386705544423536,-0.09298295856996748
SRP68_pDS403,-0.06862899201855427,0.03684848494434714,-0.037961823313702604,1.0,-0.08821140760026189,0.045381363507038995,0.06368647219337031,-0.08446705314327534,-0.12443190624653412,-0.0471043522498412,-0.0003131059465164354,0.023148392236928054,0.1736958440755783,-0.050404064985214776,-0.10000725317878356,0.006183256970897693,-0.008303288228044173,0.08255798151232076,0.01649268210575036,0.13181863724467355,-0.024391373444085127,-0.04614675925188015,-0.04496207166645207,0.1814684414224257,0.052209563255502155,0.04513504941221186,0.07625483290340862,-0.08347091737309767,-0.03764850137449287,-0.1921954393369999,-0.010801262195557671,0.11649650773876827,-0.01542262976434906,-0.04041394726087518,0.01750776035525504,-0.11278710450994953,-0.013310384198960286,-0.04833149407095257,-0.15007251838681718,0.2024436581812015,-0.05624371989655662,0.09693861193851398,-0.04219153562424419,-0.003046406404954292,0.04449197673390137,-0.2808522595326235,0.12929962510548576,0.22681431434780727,0.08616968285017873,0.1829607323860092,0.01337632830917604,0.14342350723969025,0.08583968898637578,0.11039082387029035,0.045174773832109855,-0.1965683932902065,0.020845111850197006,0.09942304435618379,0.21903419334614666,-0.1398923286341506,-0.015310268586700818,-0.08171636989665722,-0.10198470622074898,0.06377895396947161,0.3707050033679182,0.2533093267552777,0.1834533088597174,-0.01625767319482621,-0.14067333812429056,-0.1312313764887751,0.03825307789510109,-0.15146595040014646,-0.017517308126380974,-0.1450382580209495,-0.09297704159385123,-0.149839662677061,-0.032570668828890766,-0.15530091201314433,-0.14316021613708385,0.013260900134380985,-0.09714107784403238,-0.09984293746134552,-0.0790814151017988,-0.05040282146954167,-0.0523606270185405,-0.14458313849355126,0.002192964181698663,-0.0067314703647235715,0.053677528470217645,0.09668906509618101,-0.13073047658474568,0.02037665589037403,-0.046441986229447375,0.03089059756991034,-0.0066338135824137,-0.0024143559699622954,-0.1962969350324692
YIPF5_pDS226,-0.17990171580070166,-0.010996905768969143,0.14015350529806112,-0.08821140760026189,1.0,0.2575416248221389,0.001703186928297187,-0.2484878585449892,-0.10292025902275706,-0.0032568925448306176,-0.17459002838541401,0.12764281572385672,0.07903419334022094,0.04163326548559245,0.09800095434576792,-0.03203101747290876,0.0017842957340377934,-0.06247323224431554,0.055236240144751626,0.07752409245104613,-0.20000175557574912,-0.03024531178827625,-0.13623055591117114,0.1590100214787625,-0.09101969149407795,-0.08145439765443362,-0.05193798876852613,-0.3342568107581794,-0.14128426609813818,0.20530937023153284,-0.15166617257622797,0.23074137515028648,-0.1196310760171814,0.27075251314809895,-0.1500118690165073,-0.12599201605049085,0.11894738230742147,0.25541056779788274,0.18925909387371956,-0.07680450776537193,0.12294012790057077,0.00021651116363974996,0.16006848449537917,0.23749834235261527,0.14876209555582953,0.15326756526115165,-0.12113235039714404,0.17727594420866927,0.14281773596213598,0.07651151216525705,0.1928404629568851,0.21535789150699677,0.1711859479331981,0.24861173558460503,0.24035491960947505,0.309954880182159,0.2191727260933459,0.323238270220184,0.26674469727954,0.2263039008819229,0.19440108799612416,0.12596170584900712,0.1881467377251374,0.13846915061654821,0.09548896681443339,0.051400708237043215,0.11005744950951868,-0.18480092457255087,-0.25741919354386716,0.045976478311633096,-0.2110253294841254,-0.18947973482232905,-0.10108615030101323,-0.0532072714490837,-0.15099829820463262,-0.08429160914334535,-0.22276289656649878,-0.061992461295760706,-0.029983673533927266,-0.1973595533317236,-0.09353380475896052,-0.07265357438848662,-0.22754906293206642,-0.15758819442346225,-0.16374717599701835,-0.14359114421994476,-0.1899192390996806,-0.07520839047631799,-0.06262219371616908,-0.11736478853153962,-0.13228818695160652,-0.09001023710622938,0.11265179532507419,0.10259856173369815,0.05289931724683235,0.05596367061499182,0.028122569395143394
SCYL1_pDS159,-0.09235875939941462,0.030884732372974913,0.09237187633388139,0.045381363507038995,0.2575416248221389,1.0,-0.0974236432471065,0.004877548025254298,-0.15050475553660256,-0.31657282417232446,0.0334386772547626,-0.025885799215378646,-0.022333650155134128,0.0363018721800647,0.07484301063837248,-0.16200054945992653,-0.08188002608969007,0.17003810001073477,-0.15935546242110007,-0.013103119652721805,-0.028661072819055177,-0.005901692481149881,0.023094252387724334,0.16432257460446256,-0.10672826255032125,0.04943464287666081,-0.09844549396970714,0.04690485120350754,-0.044041123455118236,-0.022314801085575892,-0.13235981202380365,0.1352011883809158,-0.04705477668171555,0.1212318434377563,-0.13800008196529562,-0.14971218733001548,-0.12071757392663958,0.29106323941165935,0.06535206877155961,-0.014072269032621456,0.20969236273538663,0.09349645875377259,-0.05481529430799969,0.10263057888896795,0.04720810906879235,0.06043615548749564,0.15790950704608203,0.15253180609401368,0.014101985611861028,0.2185307759730264,0.04064706305217389,0.15652084903262592,0.02266201361693247,0.14552873993432178,0.18660960999952284,-0.023396222628292624,-0.04184490266393884,0.09502685906738942,0.0100969112903931,0.20470369915434058,0.21129650284812437,0.1378198661909036,0.09065157140791623,0.08051687958955549,0.06838707818367741,0.13261752385745182,0.008732321929504697,-0.015081877689252223,-0.11183046853838789,-0.03121830103050615,-0.07356074127278313,-0.10786538347395704,-0.22486571648569784,-0.2283964201248763,0.014318964236029302,-0.18717595320617808,0.015890324435834772,-0.09122007842089161,-0.021024426855875442,-0.16800222930245107,-0.17111291251121502,-0.17617681860792606,-0.08862574762553123,0.045825681790644855,-0.16932704320684397,-0.056488056152784315,0.023261123489769667,-0.04772251107737775,-0.03174896919787287,-0.0507537378954344,0.06895647892863664,0.001669839414188711,0.04318474425350062,-0.004351495569205544,-0.026587932509912118,-0.029664174597283134,0.006643623248804122
*,-0.037574655713587486,-0.11683687060041825,-0.022800518806714028,0.06368647219337031,0.001703186928297187,-0.0974236432471065,1.0,-0.08830195547204095,0.09505365623316878,0.09100444543530231,0.22901447634005972,-0.044730586812678115,0.0788829259920174,0.0507375533195158,0.1328809289069313,0.10035707574117735,0.15165627760273237,-0.09564509129618802,0.09282087168440993,0.12921398318565844,0.08534431204096575,0.19946954284596694,0.04082447535119237,0.1557740797991456,0.2613037778611509,0.08422463309974593,-0.04618098310253838,0.021754452047282706,0.10970979804289088,-0.00040338525354854064,-0.15339040334717752,-0.1622337014500233,-0.05624564534103427,-0.22513081439442378,-0.05081766991884958,0.07904418165053152,0.01610153630675555,-0.022266572486123164,0.15012548176457274,-0.05232814653367392,0.01233585696020759,0.2053938882309642,0.14158205063126678,0.11569319776654657,0.05583313903150387,0.14891391976463897,0.0907552836169103,0.11479217053689765,0.07953671901805671,0.05136990918858693,0.22203214023155335,0.23442956105350563,0.09261875062529845,0.23793403925863363,0.23350405535811383,0.24191552409283193,0.17634109810349824,0.12512826291036322,-0.009503411984798975,-0.00680175740278304,0.1932448752765415,0.2374005926768151,0.2237495199969098,0.15300381163246296,0.30952936115600704,-0.021243637226873262,0.07473902165341732,0.026222698132010423,-0.13704403978223476,-0.03856265624902806,0.010706283901868754,-0.28075062202384954,-0.07846400597374482,-0.12282699974799638,-0.12375072548489839,-0.3369450607558485,-0.0981196787143373,-0.18822907708462186,-0.29875293705255024,-0.05406716381583216,-0.1317936623350549,-0.25120398263062327,-0.13673779917970588,-0.24575301711800948,-0.2122330424361972,-0.21037406499114253,-0.19155975418537463,-0.09947276986901836,0.14271693891589773,0.06464419034635567,-0.08911061196313744,-0.16678022059598716,-0.0012191354530004374,-0.21966920886664204,-0.12573762250120776,-0.24275598807983095,-0.2186781475593517
MTHFD1_pDS395,0.025392540162796767,0.12212248993478302,0.08864122624017552,-0.08446705314327534,-0.2484878585449892,0.004877548025254298,-0.08830195547204095,1.0,-0.09981355014236336,-0.13346913742505012,0.013184492776949844,0.042083604872173365,0.021249890350027157,-0.08324679001883506,-0.09176922762799969,-0.09037786240747454,0.16768480253133164,0.07975746752744851,0.13834331588910234,0.04938133728101776,0.12086190824189336,0.09918380356058121,0.08499845111199376,0.14447598693379507,0.0973593852615014,-0.08621666553251539,0.04455678267919821,0.13432122644204517,0.03838895157166626,-0.07922225124823702,-0.12422602418761315,-0.16948703066487417,0.1349273998375505,0.06003301605868135,0.062412463922538346,0.08957584574604407,0.12565794478091916,-0.07667368611877783,0.17278355632235598,0.001021330670532266,-0.07029358624312847,0.10566730808012925,0.08361361281513859,0.1770054136750798,0.08553536459594141,-0.18442438451766743,0.08272125438843317,-0.02283859028340292,0.0665948922462117,0.0662049162084672,0.1643754221341962,-0.01562784540634781,-0.1471919393886543,-0.08798170487283936,-0.05771761741048803,-0.04729907674773731,-0.001412913865860247,0.09384602908265476,0.029162232238139824,-0.003159229336758452,-0.014704209620819857,0.06243510444735788,0.05181207747865046,0.07230263253262119,0.09224894803156763,0.0666581331488109,0.041402708332102134,0.15124431748299172,-0.10587290462629854,-0.16000425486451897,-0.09886274360117157,-0.12345797498222763,-0.06205707479083893,-0.2380793167452199,-0.1008623008795972,-0.062390562289125547,-0.10613288792765621,-0.18128102806695034,0.06908551248650342,-0.1766983786903867,-0.11410014258245217,-0.14613463337740892,-0.18099847544126965,-0.16707034985945804,-0.10379738829920035,-0.14567583861293346,0.09785989492776832,-0.0568773087937016,0.09317238560635561,0.08008670229445347,0.02507142362467536,-0.05629057951129986,-0.07830434315171061,-0.10045646592587093,-0.04252436763005451,-0.014334725617178136,0.15908467268542592
P4HB_pDS397,-0.034065226635762155,-0.026286801161859753,0.08568958025426299,-0.12443190624653412,-0.10292025902275706,-0.15050475553660256,0.09505365623316878,-0.09981355014236336,1.0,0.21118668264726928,0.22609859044331437,-0.037343210483033434,0.07735653856727825,-0.0002515287531507204,-0.002810224586073314,0.39022724370456835,0.03848484226373139,-0.04343527167226208,0.09799865432806913,0.1777389620004584,0.13775245597624683,0.15605027461812399,-0.04769319077178688,0.18680210409969641,0.24059324241306193,0.3411706558960303,0.08795770695999953,0.2959510866477595,0.0359689106220908,0.12279144476475166,0.47813736875782054,0.13599485303848857,0.24457337437997348,0.12759024977565434,0.32555963816233624,0.24464000807891095,0.392087009762695,0.0007595396339406869,0.29588523068460365,0.1198109410983475,0.14665388949872124,0.3455898428294236,0.06224802012103038,0.024568984163237974,0.07827731377917574,0.3200288995976933,0.1639521865664532,-0.12708705735052428,0.1943966214838454,0.1270199468250779,0.2496642587991106,0.10052001494904828,0.09349980218442573,-0.003439462056885572,0.16340024693532307,0.2273152609527204,0.28768442106074527,0.03192042428041563,0.11110742701399161,0.224424463505856,0.072602380589372,0.11265817270022026,0.1444482728829445,0.08577028667684017,-0.17715159890742957,-0.031889284583808755,-0.11686529925463006,-0.14835759198218146,-0.11167243627386746,-0.23793296371166514,-0.17655592141476995,-0.13765710690261032,-0.34949917369436795,-0.11744930768522019,-0.038555913282289855,-0.2554516195011407,-0.22333017850324596,-0.2765703422392971,-0.3992983320846218,-0.2615570057591082,-0.33228447157740143,-0.3828909026318707,-0.2908475985724326,-0.26533056704137187,-0.29430069736654507,-0.36687001417963605,0.057164246938861636,-0.050532650789962726,-0.2838083334835433,-0.28759289235470725,-0.13789418147536914,-0.12485785980630495,-0.21020270583064454,-0.09675075778687607,-0.17750196924400863,-0.12897530991235306,-0.13169649734292477
PDIA6_pDS029,-0.045255482801803776,-0.0104177529931811,0.014319665082874097,-0.0471043522498412,-0.0032568925448306176,-0.31657282417232446,0.09100444543530231,-0.13346913742505012,0.21118668264726928,1.0,0.08224580081313076,-0.13536361238765904,0.04299105539677448,0.06340024192040267,0.08461417810050781,0.2845578891540504,0.0718975361772907,0.09254120569611234,0.011042575461372413,0.28357270659043626,0.08911421551078597,0.10239812461688655,0.1259403298562645,0.11157225043692458,0.17593399228838374,0.1273170946525842,0.32884243779374617,0.056924546444897355,0.07620910142004807,0.08993396865141039,0.050811686071913165,-0.03324899649560737,0.05708204670808733,0.13693304282236735,0.07314363186301545,-0.026243201922803862,-0.02581694405699394,0.02823299232259488,0.1372130481073957,0.22551794911862863,0.255572830271437,-0.0699992664601746,-0.10767885036230622,0.06130190305681403,0.052745461149608645,0.36856319259930564,0.05494936170158601,0.05421752740447982,0.20435370392077057,0.09784451623356898,0.28119189396732885,-0.01142556573757442,0.13626327385793618,0.21110051567596008,0.12571475030753498,0.21404454171916393,0.20670657379332524,0.34696514336532874,0.2823798050338196,0.1159408888238369,0.14751390839159975,0.21432000383478214,0.12419498727100488,-0.021891698508676595,-0.009161483768729087,-0.09729798177720456,0.09834151184021193,0.018865462189703253,-0.2467810574399698,-0.26793525269229423,-0.10381835577747225,-0.14001733638197972,-0.2330536965645509,-0.1011622424843146,-0.07561658817873472,-0.3083110637244447,-0.18518520718442766,-0.1766067992374987,-0.1788136102824606,-0.1387545451674388,-0.19057988513377744,-0.14587189543821164,-0.19318051673285458,-0.3055649437799642,-0.2612410014904752,-0.3149500952705701,-0.08236676816290892,-0.2590732847002359,-0.0010236994606353008,-0.10815553692835503,-0.20920150258678138,0.045193192418442725,-0.07808134250111562,-0.1288419730697434,-0.1935641731186315,-0.1469607602447078,-0.037595129151470105
XRN1_pDS411,0.1695802840032214,-0.05113660758450665,-0.007814381968929307,-0.0003131059465164354,-0.17459002838541401,0.0334386772547626,0.22901447634005972,0.013184492776949844,0.22609859044331437,0.08224580081313076,1.0,-0.015592949019124731,0.024806176575545312,0.12782524064987935,0.13422261426272758,0.16517229789043356,-0.08562804950484748,-0.056443310176409585,-0.03202303585506303,0.2920797368594,-0.020168318715730542,0.03341193227265279,-0.01198979443241974,-0.03788085337617438,0.19822717090934752,-0.01958069813416614,-0.08516484712425944,0.2516075950212459,-0.0465099629405727,0.19596717232611743,0.07626543314004525,-0.14268019875635068,0.07691356142671453,-0.03398708088963573,0.02582495593220161,-0.005694351304074609,0.06602474804287362,-0.1274006988356369,0.10975804696202332,0.03395987758425629,0.09652324586106421,0.04076993552158777,0.20032118548058134,0.17214424135855655,0.028106831743536502,0.06667212130400399,0.3227419623626785,0.13292273521893458,0.2017036215978799,0.13817780647425937,0.09946155176967407,0.08965714915029284,0.07110430380774414,0.1716122098200118,0.17214107749162,0.06521515339969136,0.07336688277297956,0.23454917698004674,0.06556756511278415,0.20036475525225722,0.007898277728371308,0.14539180576179267,0.05774010731805406,-0.16138164599647886,-0.00685612868322232,0.11356772068041403,-0.0355736215867327,-0.19502504855617417,-0.09553254422535579,-0.2609788001140808,-0.1608618273219011,-0.2266665223947737,-0.11921308409561315,-0.11419214837450692,-0.11035551452956371,-0.3209672571012117,-0.14941823329540957,-0.15456452802337706,-0.17154935058997012,-0.19791713207458028,-0.15729962408856857,-0.15620655858556956,-0.18709112469805925,-0.1768421523705268,-0.19039532874296441,-0.10681212915942884,-0.08178722318737545,-0.022488724903591235,-0.11763224468942202,-0.03636858418559504,0.002856997185743757,-0.009775693515117255,-0.023719771025876826,0.07250793927682869,-0.09900262765938661,-0.022243608556081804,-0.20297693124168922
IER3IP1_pDS002,0.06905460098120574,-0.16742163556775622,-0.06431768149396344,0.023148392236928054,0.12764281572385672,-0.025885799215378646,-0.044730586812678115,0.042083604872173365,-0.037343210483033434,-0.13536361238765904,-0.015592949019124731,1.0,0.05260208825816686,-0.007635364794198593,0.006148558972169089,-0.10828530605781848,0.0002107728855107777,0.16753593442439005,0.06260330865881249,0.05467264702478163,0.003914957308488734,0.050457177797639224,0.07612570492194413,0.003740097020016286,0.029083253138755847,-0.02709242974919451,0.04831394844072444,0.017970975369213934,0.10663357577222587,0.1254135594351322,-0.1064187884196898,0.2705020824853548,0.06283555653911521,-0.002428359122448644,-0.1088280277936125,0.045176225407277094,0.03745181633278026,0.1452271324996894,-0.01692822804411833,-0.13485404065318618,0.08570658880198427,0.06172950014144008,0.06175814970754341,0.06537663171627613,0.08211006917521851,-0.005013593784132148,0.21224761639863698,0.07830860088623161,-0.12403632680778487,-0.014803625987280567,-0.021926167844408307,-0.08431881392578218,-0.007654083307169688,0.01653683341475316,-0.11102962806530155,0.09615097645844578,0.009225881357894658,0.09020694869721926,0.11493192236928321,0.2597159202032391,0.05744448893427612,0.004597748248112655,-0.059559774397246225,-0.02159853553706834,-0.06966382183369903,-0.14387188370604745,0.156191674460439,-0.04641297916659761,-0.025649481670959758,-0.18591224989393565,-0.15037449368941622,-0.14683328305966106,-0.05435863746747047,-0.054698546582414444,-0.056317435493391,-0.07900542966968284,-0.040413119560428354,-0.13365048636794094,-0.06151500939058227,-0.09953687132928023,-0.1480317169765242,-0.13436025423605122,-0.09653520158560396,-0.1472444463005605,-0.11691652703863908,-0.07567431504044152,0.0812364007883243,-0.037558143449614716,-0.05662394783943922,-0.019068863423516894,-0.093227446507562,-0.06030911252204923,0.03829007237538273,0.123103895422393,0.013086535538212287,-0.008731908128751435,-0.08564495003892975
ASCC3_pDS052,-0.024965177611613685,-0.011311946524555203,0.012469913866197313,0.1736958440755783,0.07903419334022094,-0.022333650155134128,0.0788829259920174,0.021249890350027157,0.07735653856727825,0.04299105539677448,0.024806176575545312,0.05260208825816686,1.0,0.08688135184698931,0.00184586122808885,-0.051136487767710695,0.025387992856946956,-0.0016272571336225423,0.0165001361730847,0.043611388679533354,0.028776496503158354,-0.03456915053227564,0.14209154287628883,0.13056208415256668,0.13293783982679305,-0.015337367274579952,0.19965026971265057,0.0857244302133989,-0.04651152051696335,0.059090966555743904,0.09086253479464179,0.024464206905568584,-0.0018102832852970104,0.02440478881536868,0.007201860469817674,-0.018522037917435934,-0.07750436131109759,0.07163633562837891,-0.05359687302381966,-0.03662115272472067,0.040122780419543355,0.06868848494600972,0.08245458422310198,0.1110596596061748,-0.03582146401798274,0.13441055679795727,0.01690411505273214,0.028277715243235402,0.4088335133854926,0.027491630396137317,0.19193681825112602,0.02135049308220072,0.17391847218887438,0.014929077393355793,0.005261412809075082,0.1364938991916653,0.1539415013674068,0.08527262032557316,0.04484485467200557,0.05517467420009969,0.06875049229750718,0.021146824747063135,0.09056313255586969,0.0640288257882672,0.18361946279815183,0.007511988021474484,0.12587743658865136,-0.14531055388418493,-0.31838273350177304,-0.10440460646062415,-0.13132596585578377,0.04403775817218743,-0.25817308258382793,-0.14241149398440117,-0.09377723436467136,-0.2241058834270535,-0.15070547516931265,-0.12000649978532449,-0.13221631780932988,-0.23840255750615083,-0.08562288578340288,-0.17861518973700116,-0.1682270204175815,-0.19006283184445208,-0.2175300375110121,-0.21546300054207182,-0.05461324269731347,0.05852505643167931,0.13788370666382554,0.02388198315869976,-0.037435658214714965,-0.07737374471856812,-0.027153705112993507,-0.12975967981643202,-0.24168441746901423,0.16005302962450346,-0.1348531722582899
SLC39A7_pDS219,0.17314054396335468,0.022675302618934245,0.15985760925804912,-0.050404064985214776,0.04163326548559245,0.0363018721800647,0.0507375533195158,-0.08324679001883506,-0.0002515287531507204,0.06340024192040267,0.12782524064987935,-0.007635364794198593,0.08688135184698931,1.0,-0.035153707406482174,-0.16567830424706714,0.07573743795447675,-0.018431825614339276,-0.04481531742366509,0.014616008696581027,0.06344712424463564,0.04770893631401946,0.015535315245971177,0.03561934708838786,0.1406940353167449,0.12500035327187106,0.1714169220970577,-0.16574884841518792,0.07118621878493883,0.15790634490801186,0.08237845504683375,0.13748297203293566,0.024568041369704165,-0.0077758377452535705,0.12749952267998912,0.02860843611715068,-0.019326074941319177,-0.08888276353660345,0.10811538537647239,0.16353784617189943,0.06662765136853067,0.10019032976654131,-0.01295432323819707,0.00656349740346737,0.08129575864034912,0.18573902520453905,-0.11477415727351287,0.04763932761677092,-0.045080887715816684,-0.10949652633093843,-0.13257751619909847,0.0054710429256131995,-0.02618890014895787,0.0418224191285194,0.06912402966026664,0.08506118540209892,0.12032493630455429,0.044778616726039965,-0.12059640681252581,0.12998958400601587,0.07764948309463277,0.275345375726282,0.3309999332251912,0.008732920038302524,-0.2727415394077135,-0.03784854397735013,0.007238388880889876,-0.1987582427500796,-0.13871868183935174,-0.21580908356130313,-0.15208023661809725,-0.034528579492150394,-0.06758870671819955,-0.15108016827588955,-0.05843122840689809,-0.19104307720655073,0.04183642603129536,-0.12270530963097089,-0.17619027573110235,-0.06561254840454031,-0.1646966042051965,-0.10801502266916597,-0.11751360747296687,-0.14492490818974674,-0.17461648302440103,-0.0919563194600455,-0.00186233361227448,0.002989261414599999,0.04022005484388458,-0.029135582199304094,-0.1516656073781374,0.07396319738593328,-0.13123976932632403,0.03806955299915084,-0.07681132609472648,-0.03909451372309036,-0.20610226802573905
DAD1_pDS499,0.06530474594235382,-0.06830679880865138,0.01844864870523338,-0.10000725317878356,0.09800095434576792,0.07484301063837248,0.1328809289069313,-0.09176922762799969,-0.002810224586073314,0.08461417810050781,0.13422261426272758,0.006148558972169089,0.00184586122808885,-0.035153707406482174,1.0,0.03303414736846049,-0.02658835492614113,0.09394735833152688,0.042360436229332395,0.14681487762188566,0.14433295556872394,0.005227917154731193,0.054683306721526416,0.05161159198704304,0.008777768474712799,0.025063585106003216,0.05259011738110497,0.05521194304349801,0.03193041813999498,-0.020022582640888666,0.030401820236746004,-0.030586342961829827,-0.020302630818034417,-0.019588176143949816,0.0690652564240318,0.024137877354581876,0.15528510494428333,0.07704487478443953,0.07040923927055207,-0.07681025105098628,0.037918571661698895,-0.040924033855276216,0.0004091226521171525,-0.024641783120422478,0.0836036485499428,0.11457676634820034,0.10356386136555241,0.03478521291938698,-0.051479709568054595,0.0636264555720293,0.013217509346733776,-0.10296788734973296,0.03654635400296743,-0.08297182881608507,0.01255646828585016,-0.016537746078281124,-0.04256049494837151,0.07700917884816791,-0.14173223620206227,-0.04200280357252834,-0.14305792383298105,0.021458280703591397,-0.17417637400014083,0.0704336890628546,-0.01682975057276371,-0.09221427090049643,0.24483423157288278,0.08740979017795131,-0.11386065957711945,-0.07678431863688621,-0.2671672004298068,-0.037430907944926886,0.01702760670603792,-0.22729451888620902,-0.12568077699907199,-0.08511305548570981,-0.05707208138601874,-0.15730458737815434,-0.03732943516152663,-0.11883900525521172,-0.12567854090211697,-0.06016423355897483,-0.12839638086028277,-0.12324964962144269,-0.11253366424770814,-0.14842715358339467,0.11759732500632167,0.17298345263941353,0.09307160958605962,-0.1264635078854023,-0.030897771959525516,-0.018231214790896136,0.06458789593334195,-0.08682225178590709,-0.11219164466448672,0.011102387913152996,-0.04254357523137581
TTI2_pDS408,0.09442032784829808,-0.20105243108410611,0.13351174677238725,0.006183256970897693,-0.03203101747290876,-0.16200054945992653,0.10035707574117735,-0.09037786240747454,0.39022724370456835,0.2845578891540504,0.16517229789043356,-0.10828530605781848,-0.051136487767710695,-0.16567830424706714,0.03303414736846049,1.0,0.1382294324555756,0.09648390039850521,0.100995473947129,0.12870476802480232,0.31049683031171244,0.22631201097658868,-0.01207864821722677,0.19372890560956038,0.10947296418080903,0.18764753602625642,0.06542072857775294,0.24943942939409336,0.07206197340512627,0.15508039873043997,-0.026430772915356643,-0.0775534699887386,0.1382617178671294,0.27876829973206374,0.12297721314539899,-0.10139392247105036,0.2248338877491523,0.10773126366651437,0.1769000626657397,-0.05912535640084047,-0.09759750401155516,0.14182293011328417,0.07907626470983478,0.0715528119179017,0.284025551527467,0.37120961544686837,0.11071819333314598,0.12747147809016668,0.16341769707639767,0.016333370404714578,0.21300342263877,-0.05382803923332416,0.17276700644563642,0.14918893868107666,0.0343737209735279,0.04133439756361573,0.09663985330234257,0.03814344599856662,0.21399878040078538,0.07004710549443334,-0.008470339308351504,0.014093453638407848,0.1662057609618105,-0.14131272356725155,-0.10851435182224099,-0.014186513686057892,-0.09286994395536895,-0.27237045802203425,-0.19197104772237245,-0.1808965419075568,-0.05034128727007746,-0.09453174132421162,-0.07219666639507268,-0.239548463025453,-0.24223204650433428,-0.2812194356947515,-0.22755658777185075,-0.0975031685253108,-0.2719998417471877,-0.08992523327278948,-0.17389264610282248,-0.23555223246064827,-0.18170997255728247,-0.13309100224335133,-0.2296966097305056,-0.19925386287032473,0.13325683798934318,0.021412554268800406,-0.09032056549122013,-0.0822676873928624,-0.22482216580430567,-0.06335929786584857,-0.18885879069965925,-0.19059137803707096,-0.13542935423426275,-0.17237426468228656,-0.31771501763747606
ARHGAP22_pDS458,-0.043537034040614805,0.19592843566034096,0.06302493688821656,-0.008303288228044173,0.0017842957340377934,-0.08188002608969007,0.15165627760273237,0.16768480253133164,0.03848484226373139,0.0718975361772907,-0.08562804950484748,0.0002107728855107777,0.025387992856946956,0.07573743795447675,-0.02658835492614113,0.1382294324555756,1.0,0.09930239239912618,0.10593144263681334,0.2425290374165742,0.2226379419366146,0.1858615156472014,0.04795839256899371,0.017927889350461162,-0.055332137633109846,0.3872130747009487,0.26019632937324205,0.14620538206894762,0.1415508471575392,0.22334905644262842,-0.12652468642148038,0.09665177020615576,0.17109817950793035,0.13678720779338288,-0.1269405421718083,0.19384055459395735,0.08962457777228248,-0.146503241811782,0.434791259876942,0.0693512821377955,-0.12974728670476557,0.11730716131867963,0.14413993966376326,0.13371955307685265,0.021843585024756727,0.02551318658191461,0.046508925276142934,0.05079909463894313,0.09336444620647151,0.2121576051504496,0.1583757758910028,0.023146938184322396,0.07362664033747864,0.16220633148772914,-0.049775636712801115,0.20469637284261175,0.17846874028449075,0.08265985696459414,-0.029534251272201772,0.19943289812748458,0.15512445074703313,0.3150516095125919,0.07290088412572668,-0.03133507939702101,-0.09976061158091686,-0.1266708802257304,-0.17023841080011798,0.06730221262221266,-0.3108820311748028,-0.03652547919787237,-0.11741364600832525,-0.1434024864917088,-0.10851709314742472,-0.24695487025678795,-0.17794536262190588,-0.2938309837025572,-0.2589060668509042,-0.3905846043928045,-0.377158383955069,-0.14631885380679727,-0.2468463079474195,-0.21682056740834943,-0.14041556626732843,-0.25595028385912294,-0.3218995272252619,-0.2561902525691811,0.10398654876646521,0.13909317489463052,-0.10373182007773829,-0.012469142413107015,-0.09840819003100408,-0.035604131385911446,-0.02467561727920583,-0.20113056733755633,-0.13785549764293503,-0.11944054047441428,-0.14990155749498768
ATF4_pBA608,-0.10994239217847278,-0.008004170909811089,0.08686687304002613,0.08255798151232076,-0.06247323224431554,0.17003810001073477,-0.09564509129618802,0.07975746752744851,-0.04343527167226208,0.09254120569611234,-0.056443310176409585,0.16753593442439005,-0.0016272571336225423,-0.018431825614339276,0.09394735833152688,0.09648390039850521,0.09930239239912618,1.0,0.11534839585268071,0.34101434352977283,0.1729697956077081,0.12944021015574636,0.019599252263890487,-0.06893374832188519,-0.01607725072187215,0.10463683822908972,0.08450504508992038,0.12949145647480306,-0.01639809646297357,-0.109345185733059,-0.2711556763923057,-0.1223963520046774,-0.040019916928937575,-0.13479244553698477,-0.016546892363556942,-0.05725239668744181,-0.021438557396645474,0.013552555191470802,-0.011186680284134947,0.0841148241304152,0.15157466856581855,0.19901457380918566,0.16003056748525726,-0.05918572053673983,0.16816051488853592,-0.018227395794954873,0.15119171010139668,0.11789376311247489,0.036576456454042866,0.06012042537894972,0.18483332151053164,0.10663913954170175,0.30005968782932335,0.3187701579346716,0.25751605486402657,0.17772225634571456,0.1302410672841829,0.10383111627256693,0.21033438535580407,0.1461815294311571,0.3095595918409259,0.1920914435325544,0.10081139292186068,0.11921630070161554,-0.030703758110880795,0.1379125582312804,0.17524212166760128,0.05263840066304245,-0.27603907348368073,-0.23235513035942815,-0.19276162729958954,-0.22162177193176053,-0.10632726433353189,-0.430039979701714,-0.15884689363121282,-0.20720901903181152,-0.16796048969434543,-0.16934021163876248,-0.19719052324749745,-0.1359569621008254,-0.14094352221428438,-0.34595461993861354,-0.16234486675788445,-0.19133556173697636,-0.22579323896944867,-0.26229600066580283,-0.1059633003321681,-0.032454416147632746,0.12613142600859947,0.008680486549646847,-0.10617331545031902,-0.13575400278112554,0.058184418142141286,0.039564343105956856,-0.1408148093419624,-0.06553007070398242,0.11746209550317707
TTI1_pDS407,-0.0022103630231801326,-0.043085325983057754,-0.00835073302031107,0.01649268210575036,0.055236240144751626,-0.15935546242110007,0.09282087168440993,0.13834331588910234,0.09799865432806913,0.011042575461372413,-0.03202303585506303,0.06260330865881249,0.0165001361730847,-0.04481531742366509,0.042360436229332395,0.100995473947129,0.10593144263681334,0.11534839585268071,1.0,0.15945073949834518,0.23250026335707596,0.20355566329671307,-0.026811962874948508,0.03014651587674787,-0.10817275731726626,0.2969160691571675,-0.09598680425232348,-0.03872097214378635,0.1359222705210098,0.017366400970017133,-0.11786922754378322,-0.17781043450392933,-0.055857185079188555,0.0646055953384255,-0.029161577196801184,-0.09479287337353683,0.05608250676782487,-0.021651613945172257,-0.02021619665880729,0.08427269886924295,0.10496493433809856,-0.05196437912250474,0.07858023073939595,0.10099573306785344,0.052140673570188034,0.1272152786959886,0.01309309325275573,0.16137115409557648,0.14649247127952011,-0.06109699799756777,-0.06185595740131212,-0.0074317955238620914,0.008116396464003202,0.04920016735356982,0.2311928108741507,0.16315761668846132,0.08788348399475114,-0.006331524328638283,0.03601718948417611,0.07838319591202146,0.033958947919098086,0.10467550691530876,0.23266037483912166,-0.023963495095903873,-0.023014873270476906,-0.03600226217999997,0.09826649804559019,-0.02204153183289548,-0.10197021163905479,-0.11982170218221298,-0.17828221049731602,-0.23309812695296217,-0.0966297337642235,-0.22229251086810292,-0.12069799641234977,-0.12031775693505055,-0.03126715190012803,-0.11254323343589256,-0.17571629347772613,-0.107176915312286,-0.1397504980960998,-0.0867811165691175,-0.10296603574392392,-0.17428371447309546,-0.1825287462234283,-0.14376001521719892,-0.13081070736151662,0.012889238338190194,-0.01653734582217388,-0.047978086805273074,-0.03675215725206376,0.01530297485244402,-0.015966207682604917,-0.05527600141317491,-0.09806801415453185,-0.07200196222862346,-0.06085935139691758
