,p_sgNR2C2_3,control,p_sgELF1_2 + p_INTERGENIC216151,p_sgGABPA_9,p_sgCREB1_5 + p_INTERGENIC216151,p_sgEGR1_2,p_INTERGENIC1144056 + p_sgGABPA_1,p_INTERGENIC393453 + p_INTERGENIC216151,p_INTERGENIC1144056,p_sgEGR1_3,p_sgEGR1_4,p_sgCREB1_5 + p_INTERGENIC393453,p_sgETS1_5 + p_INTERGENIC393453,p_INTERGENIC1216445,p_sgELK1_7,p_sgYY1_3 + p_INTERGENIC393453,p_sgNR2C2_5 + p_sgELF1_2,p_sgELK1_6 + p_sgELF1_2,p_sgE2F4_6 + p_INTERGENIC216151,p_sgNR2C2_5,p_sgELK1_1 + p_INTERGENIC393453,p_sgNR2C2_5 + p_INTERGENIC393453,p_sgE2F4_6,p_INTERGENIC393453 + p_sgELF1_2,p_sgYY1_10,p_INTERGENIC393453 + p_sgE2F4_6,p_INTERGENIC393453 + p_sgE2F4_7,p_INTERGENIC1144056 + p_sgELF1_2,p_sgCREB1_2 + p_INTERGENIC393453,p_INTERGENIC216151,p_sgNR2C2_5 + p_sgELK1_6,p_sgETS1_3,p_sgELF1_4,p_sgELF1_5 + p_sgELF1_2,p_sgGABPA_9 + p_INTERGENIC393453,p_sgNR2C2_2,p_sgETS1_5,p_sgIRF1_2,p_INTERGENIC393453 + p_sgGABPA_1,p_sgELK1_1,p_INTERGENIC393453 + p_sgELF1_5,p_INTERGENIC393453,p_sgELF1_5,p_sgELF1_1 + p_INTERGENIC393453,p_INTERGENIC1144056 + p_INTERGENIC393453,p_sgCREB1_4,p_sgELF1_1,p_sgELK1_6,p_INTERGENIC1216445 + p_sgELF1_2,p_INTERGENIC393453 + p_sgELF1_4,p_sgIRF1_3,p_sgCREB1_5,p_sgYY1_3,p_sgETS1_3 + p_INTERGENIC393453,p_sgE2F4_7,p_sgGABPA_1,p_sgCREB1_2,p_sgCREB1_4 + p_INTERGENIC393453,p_sgELF1_2,p_INTERGENIC1144056 + p_sgELF1_5
p_sgNR2C2_3,0.0,0.026697321428571286,-0.08295341198979322,0.40275778061224443,0.2947960459183694,0.41454936224489813,0.09595618622448931,0.027657397959183427,0.059865752551022666,0.1318997767857173,0.0659119260204104,0.07979464285714322,0.11636112882653293,0.2513840242346923,0.13866677295918528,0.22615605867347277,0.2583818558673485,0.48091377551020464,0.540873596938777,0.5462241071428569,0.45868188775510355,0.48763198341836755,0.3826445790816315,0.4713726403061216,0.28611932397959094,0.16552372448979646,0.21995963010204278,0.13885376275510097,0.1739026785714266,-0.0068694834183684605,-0.006987117346936245,0.128061989795917,0.16366705994898112,0.028341039540817903,0.3838633928571422,0.09554521683673833,0.23076505102040734,0.16121422193877422,0.35452417091836885,0.24275602678571673,0.260821237244901,0.18044486607143106,0.3242628826530627,0.3157685905612233,0.27574116709183905,0.2931379464285726,0.29005934311224735,0.22548718112244792,0.30724464285714603,0.2683166454081647,0.12522876275510342,0.12962283163265376,0.168755612244901,0.14828319515306276,-0.04369658801020293,0.09661144770408292,0.05371906887755351,-0.0014585778061189103,0.10537841198979692,0.18400424107142754
control,0.026697321428571286,0.0,-0.07567573341836642,0.26597608418367,0.1612752869897971,0.3108676658163283,0.11724948979591865,-0.12721492346938668,0.15194968112244922,0.24937433035714385,-0.0041635204081647,0.082794196428571,0.07690443239795997,0.1886648278061216,0.06659601403061366,0.3138899872449006,0.26307515943877746,0.17604770408163084,0.356396588010206,0.3751642857142823,0.2881345663265318,0.3010893494897964,0.2035206951530597,0.23880031887755138,0.357523565051018,0.18833890306122392,0.14940605867347045,0.06247831632652989,-0.01706964285714463,-0.06448242984693842,0.06102493622448968,0.13740529336734753,0.21324005102040644,0.13998903061224333,0.16705982142857145,0.03978383290816545,0.13485835459183626,0.1734262755102023,0.2536737244897953,0.1884837053571431,0.08030829081632618,0.1678959821428574,0.2755796237244894,0.2647368941326498,0.21675165816326647,0.2061624999999978,0.1646323341836755,0.0689382971938759,0.0679098214285716,0.19723182397959427,0.22228456632653248,0.22085051020408208,0.23596766581632878,0.15508743622449117,-0.018093909438775313,0.04089381377550971,-0.023318877551018247,-0.04004652423469324,0.026852965561225517,0.14706629464285825
p_sgELF1_2 + p_INTERGENIC216151,-0.08295341198979322,-0.07567573341836642,0.0,0.15309253826530345,0.10484955357143022,0.2890888073979614,0.13531281887755142,-0.024556281887754494,0.09490051020408252,0.15968453443877806,0.06284980867346945,0.04145752551020365,0.06935369897959198,0.17773596938775604,0.06133746811224583,0.2507767538265355,0.27068692602040834,0.22763447066326492,0.3612646045918364,0.3224666772959175,0.2746182079081656,0.3090573660714302,0.23322308673469472,0.25117458545918403,0.2334759566326543,0.04854441964285883,0.11754595025510461,-0.004125542091836465,0.03858587372448774,-0.045814413265304665,-0.044367984693877816,0.13942799744897805,0.13727369260204192,0.007105484693877173,0.2447840880102028,0.011234661989799832,0.1558357461734694,0.09025679209183757,0.16921517857143087,0.07422984693877943,0.06781380739795928,0.03345149872449227,0.15332576530612307,0.16610491071428335,0.14502904974489894,0.10750239158163488,0.1354456632653065,0.14716256377550962,0.10949658801020767,0.2068389030612252,0.13427445790816428,0.0820810267857155,0.08572005739796218,0.059322640306122665,-0.1011399553571426,0.06876339285714295,-0.047872735969384905,-0.0819753826530576,-0.033882142857143194,0.05111243622449102
p_sgGABPA_9,0.40275778061224443,0.26597608418367,0.15309253826530345,0.0,-0.10544706632653167,0.46304687499999986,0.4676146364795901,0.22663616071428372,0.20585389030611978,0.24943635204081538,0.3640500637755064,0.3316562181122418,0.28000707908163136,0.21377841198979297,0.11214397321428571,0.45882232142857227,0.43467936862244727,0.05071753826530134,0.373664859693875,0.2049434948979556,0.16279815051020385,0.12158574617346574,0.07580459183673227,0.002638903061221498,0.15371214923468912,0.24603998724489706,0.08842276785714276,0.1169137755102021,0.20692831632652542,0.17871709183673268,0.1828463329081611,0.41918606505101863,0.30974738520407996,0.2728088647959144,0.22056246811224334,0.173133354591835,0.19722506377550708,0.11650704719387406,0.05464355867346704,0.21395353954081742,0.09942187499999733,-0.0001529336734709119,0.0025025829081606332,0.17987547831632256,0.15313867984693808,0.1492167091836727,0.12089904336734492,0.1367237563775472,0.12409528061224506,0.15940634566326572,0.327912213010201,0.2367672193877528,0.17793749999999875,0.1746807079081627,0.023211862244895798,0.0832402104591825,0.12354314413265222,0.15092330994897907,0.0689946747448964,-0.007335746173470881
p_sgCREB1_5 + p_INTERGENIC216151,0.2947960459183694,0.1612752869897971,0.10484955357143022,-0.10544706632653167,0.0,0.302683577806123,0.3077950892857153,0.08715255102040942,0.07753121811224695,0.12523086734693933,0.18681332908163384,0.07891167091836593,0.14662503188775666,0.07605730229591678,0.003105676020407344,0.3571418367346979,0.32874888392857393,0.006808928571427231,0.2802062500000009,0.1325255102040792,0.15245516581632756,0.004309948979591027,-0.06658683035714397,-0.048138456632655036,0.13449728954081586,0.15912825255102092,0.07747978316326432,0.1015707908163268,0.18137283163265217,0.14836629464285522,0.13731741071428516,0.29098839285714284,0.2641575255102051,0.17543463010203908,0.131467920918368,0.09834349489796068,0.10037582908163145,0.028774999999997775,-0.03880255102040664,0.11040430484693964,0.04422420280612194,-0.03317560586734558,0.00677209821428626,0.09260905612244663,0.07726913265306123,0.10871903698979501,0.00874043367347177,0.11002295918367011,0.007719483418368256,0.09012273596938769,0.1867801658163284,0.13412735969387768,0.09950076530612328,0.017917410714288096,-0.018143622448979713,0.029139413265305336,0.04665797193877452,0.049616262755103335,0.003911065051019236,-0.06783810586734695
p_sgEGR1_2,0.41454936224489813,0.3108676658163283,0.2890888073979614,0.46304687499999986,0.302683577806123,0.0,0.05646090561224604,0.11926680484693897,0.027142346938777706,0.03383887117347051,0.013688520408164706,0.02986498724489728,0.03499397321428788,-0.02632844387754929,0.0686839923469389,0.14497327806122762,0.04877095025510414,0.22671849489795726,0.016198628826533223,0.09336788903061155,0.17504598214286027,0.0022632653061229746,0.07485086096938787,0.04238829719387738,0.207869355867345,0.12836281887754986,0.24688309948979636,0.15449598214285842,0.24548552295918213,0.27651961096938926,0.18589260204081803,-0.009517665816325405,0.015404591836734483,-0.00224955357142953,-0.04474751275510336,0.009021811224490861,-0.07513647959183523,-0.042941996173468056,-0.04386954719387681,0.06994199617347263,0.0772884566326546,0.11353396045918451,0.06705666454081793,0.0033076849489788174,0.04589432397959392,-0.03226514668367386,0.014504687500000557,0.06079815051020354,0.011033737244900976,-0.06323176020408106,-0.01092276785714219,0.04529942602040826,-0.04976310586734556,-0.006466772959182521,0.062384693877550745,0.13996460459183702,0.013851913265307658,0.11500864158163537,0.08559875637754999,0.07535271045918535
p_INTERGENIC1144056 + p_sgGABPA_1,0.09595618622448931,0.11724948979591865,0.13531281887755142,0.4676146364795901,0.3077950892857153,0.05646090561224604,0.0,-0.015021683673470676,-0.08433520408163098,-0.014618367346937333,-0.12177653061224447,-0.02100318877550933,-0.0887617028061225,-0.0010466198979610652,0.03548456632653085,0.17210510204081686,0.11313402423469476,0.38713000637755,0.3466898278061219,0.44307002551020247,0.4516746811224479,0.25159196428571384,0.22364987244897883,0.24944980867346978,0.28356992984693896,0.27004776785714313,0.3225524234693875,0.2418449936224487,0.2748923469387723,0.14536393494897837,0.13184942602040906,-0.010132716836734446,0.010581728316326533,0.022935395408161696,0.05986243622448839,0.00455051020408348,0.017085969387753863,0.03659139030612302,0.16639665178571406,0.23573632015306423,0.21607653061224674,0.21190172193877643,0.23692755102040586,0.23349888392857032,0.19106052295918374,0.14874636479591707,0.16589276147959175,0.062184661989793,0.0783936862244925,0.0485250637755108,0.04189343112244792,0.12500312499999922,0.14065309311224716,0.03101817602040846,0.01313995535714163,0.06158392857142658,0.06661342474489729,0.07607171556122516,0.20370245535714382,0.0960751594387741
p_INTERGENIC393453 + p_INTERGENIC216151,0.027657397959183427,-0.12721492346938668,-0.024556281887754494,0.22663616071428372,0.08715255102040942,0.11926680484693897,-0.015021683673470676,0.0,-0.011260554846939996,0.020139094387758405,-0.14559719387755266,-0.03129103954081458,-0.021110491071427262,0.017476466836734872,-0.05653297193877549,0.1835969387755121,0.12307273596938906,0.1254484056122429,0.1789519770408159,0.20984467474489676,0.22978839285714514,0.11851817602040704,0.09293702168367268,0.09739945790816229,0.25852426658163274,0.180467729591836,0.10042238520408198,0.03986495535714418,0.01435293367346624,-0.009842665816325535,0.014549075255104071,-0.034519005102042755,0.08286887755101979,-0.023444642857143094,-0.02911291454081777,-0.07829827806122225,-0.03591594387755137,-0.005701147959184638,0.07136192602040836,0.04638284438775564,0.02147774234694033,0.03877793367346882,0.13206157525510243,0.08213447066326474,0.05208829719387609,0.0553007015306104,0.0931142857142877,-0.044886001275511234,-0.058364477040813156,0.03183877551020586,0.010347767857142642,0.06944808673469183,0.05274805484694234,0.01836938775510255,-0.08749477040816522,-0.04130235969387641,-0.11296973852040892,-0.0718661352040808,0.0018771045918359874,0.01782793367346791
p_INTERGENIC1144056,0.059865752551022666,0.15194968112244922,0.09490051020408252,0.20585389030611978,0.07753121811224695,0.027142346938777706,-0.08433520408163098,-0.011260554846939996,0.0,-0.09754317602040707,-0.09766071428571443,-0.08754049744897863,-0.07371151147959054,-0.11250736607142997,-0.10859492984693908,0.14827560586734911,0.11492171556122699,0.2060911352040815,0.2602181441326543,0.24853271683673306,0.2666936224489813,0.09068121811224472,0.06174225127551125,0.0860640625000002,0.16888418367346958,0.1316448341836729,0.16577292729591875,0.1187889349489808,0.1880441007653033,0.06337350127550856,0.0508746173469401,-0.022285650510205812,-0.04416651785714265,-0.0845019132653082,-0.049490497448980264,-0.07294304846938537,-0.1098263392857124,-0.10972248086734737,-0.052417219387754344,0.07509588647959475,0.09972984693877507,0.04728941326530567,0.11368555484693843,0.10330220025510073,0.08806071428571549,0.03757936862244904,0.022003890306123708,-0.02503702168367461,0.005215752551023911,-0.0602950573979566,-0.06266262755102048,0.015375191326528537,-0.022517028061223243,-0.05542225765305986,-0.13688016581632567,-0.007234630102042061,-0.008819196428570208,0.0041750318877582515,0.027515146683672498,-0.03522464923469215
p_sgEGR1_3,0.1318997767857173,0.24937433035714385,0.15968453443877806,0.24943635204081538,0.12523086734693933,0.03383887117347051,-0.014618367346937333,0.020139094387758405,-0.09754317602040707,0.0,-0.018400127551018386,-0.03352366071428392,-0.0750243622448945,-0.006034279336732951,-0.012910905612240953,0.1262440051020448,0.01541042729592057,0.2544110969387745,0.1927599808673488,0.22911830357142904,0.25778702168367573,0.05354336734694165,0.0756215880102058,0.1127918367346954,0.17304477040816302,0.14062729591836742,0.18511320153061384,0.16365577168367373,0.29319687500000136,0.1412403380102063,0.03663520408163379,-0.0525906887755081,-0.0024028061224488084,-0.06279288903061087,0.04859821428571465,-0.0546590242346916,-0.008209502551018488,-0.10771970663265229,0.017662117346940676,0.07217522321428937,0.14036855867347064,0.03157031250000131,0.047377391581635564,0.04616903698979691,0.0684588010204088,0.07072901785714514,0.059564477040817465,0.022611065051020063,0.050663839285716605,-0.0341844706632628,-0.059952040816325436,-0.016042346938775154,-0.011828316326527144,-0.03780229591836637,-0.06764457908163202,0.022185331632655902,-0.011986734693874013,0.09934186862245475,0.089100733418368,0.057554687500003254
p_sgEGR1_4,0.0659119260204104,-0.0041635204081647,0.06284980867346945,0.3640500637755064,0.18681332908163384,0.013688520408164706,-0.12177653061224447,-0.14559719387755266,-0.09766071428571443,-0.018400127551018386,0.0,-0.1349146364795928,-0.09506221301020368,-0.09711431760204015,-0.1097237563775515,0.15592177933673668,0.12285226403061422,0.2749123086734677,0.18570338010204246,0.2955757653061184,0.34615854591836737,0.11781020408163378,0.05825561224489739,0.12360711096938637,0.30083191964285483,0.199659757653059,0.2217519132653063,0.12046010841836541,0.13024496173469124,0.042257174744896986,0.0841129783163268,-0.04749885204081572,-0.006534406887753974,-0.010422927295920204,-0.08553338647959308,-0.11536874999999824,-0.11508797831632478,-0.031643494897958035,0.02885239158163344,0.1250420599489832,0.06662289540816424,0.07088246173469415,0.16664266581632425,0.1348921237244891,0.09602876275510397,0.04143647959183561,0.10583443877551169,-0.04339397321428606,-0.02730526147959189,-0.008706696428571803,-0.023732079081630886,0.05664011479591835,0.03129945790816713,-0.018463584183672666,-0.05817305484693769,0.010567793367346923,-0.06821989795918171,-0.04602566964285337,0.05183475765305978,-0.0023300382653079765
p_sgCREB1_5 + p_INTERGENIC393453,0.07979464285714322,0.082794196428571,0.04145752551020365,0.3316562181122418,0.07891167091836593,0.02986498724489728,-0.02100318877550933,-0.03129103954081458,-0.08754049744897863,-0.03352366071428392,-0.1349146364795928,0.0,-0.06471699617346793,-0.09689410076530613,-0.0968113520408167,0.17669355867347036,0.22201935586734756,0.34216690051020393,0.26103453443877633,0.3435741071428531,0.36616938775510377,0.12635229591836783,0.007397704081631318,0.1551085778061232,0.32384432397959095,0.1340549744897963,0.26559088010204057,0.20781001275510214,0.1684839285714279,0.14735082908163122,0.13105194515306096,0.029874489795917114,0.03236862244897942,0.019975414540816416,0.024618080357143413,-0.0648360331632638,-0.040816198979591434,-0.08051390306122563,0.023046045918366787,0.19625915178571596,0.09945248724489808,0.05379017857142898,0.19029569515305944,0.14165296556122264,0.1782380420918379,0.1500723214285724,0.08533590561224536,0.061554368622445566,0.03429308035714307,0.04790727040816378,0.03126001275510326,0.039604081632653276,0.014130612244899865,-0.015283992346939002,-0.04357158801020411,0.11112082270408052,0.017848756377553343,0.04073829719388122,0.016101849489794873,0.017929241071430013
p_sgETS1_5 + p_INTERGENIC393453,0.11636112882653293,0.07690443239795997,0.06935369897959198,0.28000707908163136,0.14662503188775666,0.03499397321428788,-0.0887617028061225,-0.021110491071427262,-0.07371151147959054,-0.0750243622448945,-0.09506221301020368,-0.06471699617346793,0.0,-0.061405739795919345,-0.07660424107142738,0.19356316964285902,0.17961865433673552,0.22491776147959008,0.29173539540816407,0.332395280612241,0.39663899872448916,0.04968440688775644,0.07986575255101869,0.12975006377551068,0.3132279974489798,0.19836521045918154,0.2666854910714278,0.19320774872448965,0.26566291454081536,0.1893157525510194,0.08477311862244896,-0.0015965242346958064,0.03932885841836864,-0.004920599489794952,0.02054862882653019,-0.04680704719387485,-0.018624713010202854,-0.0894177295918368,0.0654515943877545,0.15722720025510384,0.148958035714287,0.1578582270408173,0.1540059311224482,0.13895538903060967,0.13895140306122578,0.11526068239795961,0.1263086415816339,0.052034917091836164,0.011826753826532865,-0.007329368622448484,0.03840462372448883,0.11608931760204122,0.11858772321428646,-0.006558131377548904,-0.0491535395408178,0.0558638711734698,0.005318367346939468,0.05506103316326616,0.08217146045918255,0.03856916454081727
p_INTERGENIC1216445,0.2513840242346923,0.1886648278061216,0.17773596938775604,0.21377841198979297,0.07605730229591678,-0.02632844387754929,-0.0010466198979610652,0.017476466836734872,-0.11250736607142997,-0.006034279336732951,-0.09711431760204015,-0.09689410076530613,-0.061405739795919345,0.0,-0.10435009566326592,0.22935169005102374,0.21133529974489917,0.19524378188775238,0.16176454081632485,0.19043223852040647,0.31852126913265444,-0.011070822704080996,0.0005167729591839532,-0.018714540816329617,0.24295714285713998,0.23649904336734728,0.25896151147959046,0.17515095663265257,0.2703170599489759,0.18627614795918213,0.20331007653061128,0.06599824617346783,0.023167378826528306,0.03735542091836486,-0.05781128826530768,-0.04752477678571232,-0.16070338010204033,-0.11656358418367319,-0.06746301020408119,0.15801728316326802,0.12473874362244786,0.06947174744898099,0.09391632653061066,0.1246923469387724,0.09204148596938744,0.047239827806119905,0.057526849489796916,0.0027859374999987807,-0.07143785076530662,-0.03478459821428537,0.03358064413265183,0.050799713010201586,0.009960618622450568,-0.030444610969386332,-0.04641189413265323,0.056682079081630476,-0.006710299744897341,0.04462767857143035,0.09693654336734525,-0.037648565051021876
p_sgELK1_7,0.13866677295918528,0.06659601403061366,0.06133746811224583,0.11214397321428571,0.003105676020407344,0.0686839923469389,0.03548456632653085,-0.05653297193877549,-0.10859492984693908,-0.012910905612240953,-0.1097237563775515,-0.0968113520408167,-0.07660424107142738,-0.10435009566326592,0.0,0.3439031887755135,0.303825860969388,0.20603590561224294,0.2514191645408186,0.2708946747448948,0.3367915178571437,0.006966613520409837,0.011033896683672495,0.025755707908162506,0.3273273915816315,0.25643960459183646,0.2759067602040819,0.13437589285714147,0.20420137117346648,0.13746514668367382,0.1394381377551035,0.09594818239795977,0.1069251275510208,0.010261607142858509,-0.03523166454081661,-0.11186077806122441,-0.11046906887754915,-0.07544802295918451,-0.01948807397959129,0.13672971938775724,0.09447461734694151,0.04954043367347083,0.10616157525510239,0.13615009566326286,0.13496642219387667,0.047466326530612335,0.1200330357142878,0.01799368622448938,-0.012566039540812923,0.024098150510205585,0.06253370535714176,0.119013711734695,0.037743367346942946,0.053180325255103966,-0.09551039540816397,0.0662382653061222,-0.04204317602040675,0.02325417729591983,0.02026772959183809,-0.06745331632652984
p_sgYY1_3 + p_INTERGENIC393453,0.22615605867347277,0.3138899872449006,0.2507767538265355,0.45882232142857227,0.3571418367346979,0.14497327806122762,0.17210510204081686,0.1835969387755121,0.14827560586734911,0.1262440051020448,0.15592177933673668,0.17669355867347036,0.19356316964285902,0.22935169005102374,0.3439031887755135,0.0,-0.08451610331632331,0.2633533163265298,0.2134897002551046,0.2205730229591829,0.0748901785714331,0.273451211734697,0.09329193239796219,0.23759655612244934,0.03223855229592054,-0.02794923469387456,0.06414917091837147,0.11923392857143078,0.14843596938775683,0.13566693239796024,0.070911798469389,-0.055604719387753576,-0.05222308673469023,0.013196205357143498,0.13441543367347109,0.14047850765306436,0.12155146683673834,0.08436626275510228,0.08708246173469547,0.15945806760204384,0.11942015306122933,0.06446721938775823,0.13901648596939076,0.028764381377550663,0.015651020408167682,0.13191186224490004,0.08352232142857297,0.0711345344387766,0.11879980867347406,-0.030606313775507488,0.011627678571430877,-0.08248137755101936,-0.011495471938770763,-0.031113201530610368,0.0406288903061256,-0.012759948979589097,0.17881798469387888,0.08712158801020742,0.2295242028061235,0.18985315688775906
p_sgNR2C2_5 + p_sgELF1_2,0.2583818558673485,0.26307515943877746,0.27068692602040834,0.43467936862244727,0.32874888392857393,0.04877095025510414,0.11313402423469476,0.12307273596938906,0.11492171556122699,0.01541042729592057,0.12285226403061422,0.22201935586734756,0.17961865433673552,0.21133529974489917,0.303825860969388,-0.08451610331632331,0.0,0.18614473852040625,-0.0079891900510205,0.09666132015305884,0.0008316007653075275,0.18511138392857163,0.12607710459183608,0.1786348533163249,-0.017738775510203197,0.03856093749999978,0.024628093112244898,0.017747225765305075,0.14688364158163125,0.06184585459183545,-0.02266240433673339,-0.09376017219387833,-0.014791039540813955,-0.033270184948980486,0.07717248086734863,0.0708324298469396,0.07696163903061226,0.08847330994898073,0.040595758928573034,-0.018647385204079825,0.062420950255102525,-0.012944483418364072,0.012251658163265233,-0.08382700892857287,-0.052982557397958985,0.0317720344387773,-0.04389875637755125,0.0134978316326535,0.04175373086734879,-0.062324266581631704,-0.08916214923469212,-0.0777602678571423,-0.032132174744894826,-0.04141396683673193,0.05449843750000127,-0.03632477678571355,0.027451594387757794,0.030816135204084105,0.1372031249999992,0.109144579081633
p_sgELK1_6 + p_sgELF1_2,0.48091377551020464,0.17604770408163084,0.22763447066326492,0.05071753826530134,0.006808928571427231,0.22671849489795726,0.38713000637755,0.1254484056122429,0.2060911352040815,0.2544110969387745,0.2749123086734677,0.34216690051020393,0.22491776147959008,0.19524378188775238,0.20603590561224294,0.2633533163265298,0.18614473852040625,0.0,0.10891304209183694,-0.06981301020408637,-0.05730522959183659,-0.03400357142857224,0.0012777742346923304,-0.06272697704081942,0.04253064413264873,0.062077232142854655,-0.11826498724490087,-0.044786479591840234,0.06360931122448754,0.12100277423469308,0.07767264030612253,0.2307061224489768,0.16901900510203838,0.17420079719387616,0.04347002551020296,0.19719091198979655,0.09025605867346798,0.11687397959183521,-0.047450446428573656,0.009859534438776407,0.011368494897959991,0.03257181122448927,-0.00840704719387908,0.011815848214281388,-0.02999438775510299,0.004522704081631801,-0.03761058673469542,0.009964126275505691,-0.073686224489796,-0.026801721938777945,0.14815102040816264,0.1456544642857125,0.10889505739796057,0.06864764030612314,0.039302232142853555,-0.0512178571428592,0.027685076530612918,0.0257261798469397,0.06488504464285505,0.034373373724486456
p_sgE2F4_6 + p_INTERGENIC216151,0.540873596938777,0.356396588010206,0.3612646045918364,0.373664859693875,0.2802062500000009,0.016198628826533223,0.3466898278061219,0.1789519770408159,0.2602181441326543,0.1927599808673488,0.18570338010204246,0.26103453443877633,0.29173539540816407,0.16176454081632485,0.2514191645408186,0.2134897002551046,-0.0079891900510205,0.10891304209183694,0.0,-0.08593131377551266,-0.03502822066326239,0.04929843749999918,0.047586033163266706,0.02443753188775588,0.08203577806122553,0.11339486607142923,0.07774014668367357,0.0194592793367363,0.16243007015306077,0.20264540816326537,0.1560058992346942,0.059886256377549074,0.11618507653061272,0.10331530612244855,0.01945015943877415,0.09554135841836775,0.02267994260204098,0.08182911352040989,-0.034365624999997735,0.007020918367349083,-0.038151371173469784,-0.021863679846939377,-0.04232222576530731,-0.13389151785714404,-0.07771737882652907,-0.06688153698979704,-0.05497576530612136,0.04223644770407908,-0.0435967155612218,-0.02210283801020374,0.008368654336734949,0.01235334821428502,-0.03218730867346764,0.014816836734695471,0.15179642857142994,0.06433727678571621,-0.009597289540815623,0.11149693877551314,0.06609799107143033,0.0699128826530604
p_sgNR2C2_5,0.5462241071428569,0.3751642857142823,0.3224666772959175,0.2049434948979556,0.1325255102040792,0.09336788903061155,0.44307002551020247,0.20984467474489676,0.24853271683673306,0.22911830357142904,0.2955757653061184,0.3435741071428531,0.332395280612241,0.19043223852040647,0.2708946747448948,0.2205730229591829,0.09666132015305884,-0.06981301020408637,-0.08593131377551266,0.0,-0.13223239795918573,-0.016190114795920252,0.03790685586734277,-0.07337914540816648,-0.03477777423469597,0.05446568877550817,0.0024578443877540934,-0.03784489795918766,0.12679464285714026,0.18126310586734462,0.0786767219387734,0.15016801658162926,0.15556371173469152,0.12797206632652802,0.03775535714285283,0.13027155612244812,0.06711326530611927,0.09921087372448589,-0.07417605229592183,-0.09440044642857082,-0.05888679846938949,-0.02760223214285773,-0.0971654655612273,-0.11354257015306679,-0.14160593112245223,-0.11299508928571633,-0.08925650510204441,0.06637133290815811,0.009661607142854578,0.013092984693876986,0.03552697704081531,0.01994917091836257,-0.004324298469386534,-0.02898890306122759,0.07534693877550858,0.014492474489792073,-0.020042091836735665,0.03403026147959132,0.018595376275508002,0.04206808035713827
p_sgELK1_1 + p_INTERGENIC393453,0.45868188775510355,0.2881345663265318,0.2746182079081656,0.16279815051020385,0.15245516581632756,0.17504598214286027,0.4516746811224479,0.22978839285714514,0.2666936224489813,0.25778702168367573,0.34615854591836737,0.36616938775510377,0.39663899872448916,0.31852126913265444,0.3367915178571437,0.0748901785714331,0.0008316007653075275,-0.05730522959183659,-0.03502822066326239,-0.13223239795918573,0.0,0.07794579081632769,0.030377136479591726,-0.0024963647959186375,-0.10388561862245105,-0.0740765306122455,-0.12096562499999841,-0.09144961734693702,-0.05466007653061489,0.07263651147959038,0.039309502551020614,0.16652735969387855,0.10037461734693842,0.10068922193877583,0.07403813775510315,0.17319183673469496,0.1394741709183691,0.1038639668367356,-0.050157334183673186,-0.058950478316324606,-0.08315714285714115,-0.07714757653061,-0.09483268494898134,-0.1366597895408166,-0.10523252551020335,-0.05269980867346824,-0.10962059948979608,-0.000792761479594617,0.041613137755105,-0.030746109693875923,0.05975975765306352,-0.037255548469389055,-0.011110267857139533,0.017918877551020174,0.06592346938775684,-0.018559119897958,0.006928188775511046,0.024284917091838665,0.017668781887755003,0.0762071109693867
p_sgNR2C2_5 + p_INTERGENIC393453,0.48763198341836755,0.3010893494897964,0.3090573660714302,0.12158574617346574,0.004309948979591027,0.0022632653061229746,0.25159196428571384,0.11851817602040704,0.09068121811224472,0.05354336734694165,0.11781020408163378,0.12635229591836783,0.04968440688775644,-0.011070822704080996,0.006966613520409837,0.273451211734697,0.18511138392857163,-0.03400357142857224,0.04929843749999918,-0.016190114795920252,0.07794579081632769,0.0,-0.11221964285714492,-0.10038845663265406,0.1595926020408136,0.13307200255101925,0.134304783163266,0.10257547831632507,0.24378845663265025,0.2829506696428563,0.18223772321428733,0.1821977678571436,0.17353877551020247,0.11944244260204151,-0.03612270408163276,0.008188807397958797,-0.029592920918366517,-0.06467812500000036,-0.12341973852040944,0.06532149234693918,0.03128826530612372,0.07068533163265478,-0.055299776785716404,-0.007070631377551706,-0.00994649234693945,0.0027643494897944265,0.0028341836734711023,0.06400577168366972,-0.058022704081629684,-0.050071014030612204,0.0646489158163277,0.0703507971938766,0.006389827806124515,-0.009716964285715335,0.057220440051018784,0.06927847576530688,0.026897034438777112,0.14809282525510525,0.07436262755101808,-0.029088105867348446
p_sgE2F4_6,0.3826445790816315,0.2035206951530597,0.23322308673469472,0.07580459183673227,-0.06658683035714397,0.07485086096938787,0.22364987244897883,0.09293702168367268,0.06174225127551125,0.0756215880102058,0.05825561224489739,0.007397704081631318,0.07986575255101869,0.0005167729591839532,0.011033896683672495,0.09329193239796219,0.12607710459183608,0.0012777742346923304,0.047586033163266706,0.03790685586734277,0.030377136479591726,-0.11221964285714492,0.0,-0.08062586096938773,0.08648176020408016,0.008812723214285612,0.009426753826531353,0.07235213647959071,0.06536042729591784,0.14136639030611953,0.11225188137755104,0.11670411352040588,0.07268262117347035,0.13308472576530583,-0.05805854591836912,0.018206090561223576,-0.024045950255102255,-0.06389365433673433,-0.16127589285714272,0.08841846301020695,-0.009711639030612673,-0.043441135204082215,-0.05016218112244886,-0.017870535714287428,0.004156728316326408,0.03687694515306106,-0.07314384566326382,-0.006623820153064841,-0.09206167091836548,-0.08186935586734556,0.048839636479591775,-0.02103816964285876,-0.0268022640306107,-0.06278093112245031,-0.018074776785713453,-0.026429241071427967,0.04581744260204168,0.062444483418367724,0.01990959821428362,-0.08649738520408334
p_INTERGENIC393453 + p_sgELF1_2,0.4713726403061216,0.23880031887755138,0.25117458545918403,0.002638903061221498,-0.048138456632655036,0.04238829719387738,0.24944980867346978,0.09739945790816229,0.0860640625000002,0.1127918367346954,0.12360711096938637,0.1551085778061232,0.12975006377551068,-0.018714540816329617,0.025755707908162506,0.23759655612244934,0.1786348533163249,-0.06272697704081942,0.02443753188775588,-0.07337914540816648,-0.0024963647959186375,-0.10038845663265406,-0.08062586096938773,0.0,0.012905133928569512,0.1175017219387744,0.04409075255102124,0.029709885204081132,0.13669942602040663,0.1778647640306108,0.17755025510203915,0.16245873724489712,0.09025286989795944,0.11782684948979316,-0.060111734693878205,0.05347633928571405,-0.06583195153061361,-0.052968718112246904,-0.12759783163265404,0.045771524234694994,-0.027203890306122247,-0.034495886479591675,-0.11727318239795892,-0.050212786989799696,-0.05234489795918584,-0.0811496811224508,-0.055217346938775336,-0.04988482142857542,-0.08504142219387845,-0.07748660714285727,0.05447394770408209,0.018513329081629948,-0.027564827806120462,-0.04835443239796078,0.016561096938772835,-0.028455867346940167,-0.011331058673468064,0.04099441964285688,0.019500159438774034,-0.0223224489795939
p_sgYY1_10,0.28611932397959094,0.357523565051018,0.2334759566326543,0.15371214923468912,0.13449728954081586,0.207869355867345,0.28356992984693896,0.25852426658163274,0.16888418367346958,0.17304477040816302,0.30083191964285483,0.32384432397959095,0.3132279974489798,0.24295714285713998,0.3273273915816315,0.03223855229592054,-0.017738775510203197,0.04253064413264873,0.08203577806122553,-0.03477777423469597,-0.10388561862245105,0.1595926020408136,0.08648176020408016,0.012905133928569512,0.0,-0.038103156887755674,-0.12296725127551156,-0.034619993622449385,0.07789454719387479,0.024869260204079424,-0.022996811224489377,0.1289413584183663,-0.0016488839285742074,0.059103220663262235,0.17198963647958898,0.19943708545918248,0.12112566964285598,0.09454515306122246,0.019848852040814435,0.009404145408165476,0.020281855867345655,-0.05976014030612298,-0.11126243622449294,-0.06449891581632983,-0.09529665178571456,-0.03312643494898282,-0.06034097576530684,0.0007962372448933053,0.08638338647959287,-0.05342586096938895,-0.021194993622451364,-0.06671029974489961,-0.017777519132650355,-0.0328483737244909,0.008842155612242664,-0.061526371173469485,0.037654687499999895,-0.027926084183672373,0.0828952806122416,0.02942267219387773
p_INTERGENIC393453 + p_sgE2F4_6,0.16552372448979646,0.18833890306122392,0.04854441964285883,0.24603998724489706,0.15912825255102092,0.12836281887754986,0.27004776785714313,0.180467729591836,0.1316448341836729,0.14062729591836742,0.199659757653059,0.1340549744897963,0.19836521045918154,0.23649904336734728,0.25643960459183646,-0.02794923469387456,0.03856093749999978,0.062077232142854655,0.11339486607142923,0.05446568877550817,-0.0740765306122455,0.13307200255101925,0.008812723214285612,0.1175017219387744,-0.038103156887755674,0.0,-0.10571128826530618,-0.04092965561224737,-0.046599489795921656,0.051618973214285546,-0.027523660714287246,0.1205629464285689,-0.06402729591836653,0.01858105867346893,0.14268309948979407,0.12023679846938862,0.13090038265305992,0.0002933035714267618,-0.0358311224489789,0.04157260841836852,-0.03136843112245025,-0.011121364795918964,0.005884151785712888,-0.036114827806125405,0.008759311224491029,-0.008739221938776964,-0.035372512755101226,0.08293657525510056,0.07233309948979816,-0.018044897959182293,0.021610969387753087,-0.08613871173469434,-0.07846218112244863,-0.057336160714283935,-0.05551906887755287,-0.01916415816326733,0.029079400510205744,0.002067378826533073,-0.03918313137755369,0.06782082270408019
p_INTERGENIC393453 + p_sgE2F4_7,0.21995963010204278,0.14940605867347045,0.11754595025510461,0.08842276785714276,0.07747978316326432,0.24688309948979636,0.3225524234693875,0.10042238520408198,0.16577292729591875,0.18511320153061384,0.2217519132653063,0.26559088010204057,0.2666854910714278,0.25896151147959046,0.2759067602040819,0.06414917091837147,0.024628093112244898,-0.11826498724490087,0.07774014668367357,0.0024578443877540934,-0.12096562499999841,0.134304783163266,0.009426753826531353,0.04409075255102124,-0.12296725127551156,-0.10571128826530618,0.0,-0.13045625000000172,-0.05491670918367575,-0.028495121173468974,-0.06221275510204016,0.11233635204081693,0.006364859693878344,0.08263727678571264,0.09939088010204067,0.17862426658163422,0.13103472576530528,0.1127948341836742,0.0009422831632672768,0.0006522640306130256,-0.05251065051020376,-0.06688858418367083,-0.05533619260204148,-0.02600704719387892,-0.04755478316326567,0.014006058673469823,-0.0649272321428569,-0.012740019132655434,0.009112755102041348,-0.06668399234693645,0.045253125000002115,-0.020180931122448342,0.022211224489797843,0.029565369897959215,-0.035911288265307206,-0.12366575255102141,0.009224681122448786,-0.05805609056122307,-0.03203472576530686,0.014825478316325302
p_INTERGENIC1144056 + p_sgELF1_2,0.13885376275510097,0.06247831632652989,-0.004125542091836465,0.1169137755102021,0.1015707908163268,0.15449598214285842,0.2418449936224487,0.03986495535714418,0.1187889349489808,0.16365577168367373,0.12046010841836541,0.20781001275510214,0.19320774872448965,0.17515095663265257,0.13437589285714147,0.11923392857143078,0.017747225765305075,-0.044786479591840234,0.0194592793367363,-0.03784489795918766,-0.09144961734693702,0.10257547831632507,0.07235213647959071,0.029709885204081132,-0.034619993622449385,-0.04092965561224737,-0.13045625000000172,0.0,-0.020753826530615527,-0.056854113520410365,-0.06853112244897908,0.08055235969387553,0.06356836734693871,0.014345471938773002,0.0659881377551006,0.043276211734694314,0.07716479591836567,0.07506709183673266,-0.0073542091836724666,-0.10620047831632462,-0.04116339285714332,-0.11442570153061205,-0.051779559948979426,-0.08490353954081797,-0.08967627551020563,-0.07101543367346963,-0.05952059948979738,-0.0006146364795949211,-0.008161862244897122,-0.029349234693876625,-0.02245117984693934,-0.01332117346938766,-0.04684620535714146,-0.02622174744897876,-0.034039030612245114,-0.0963216198979584,-0.08705618622448874,-0.15270727040816112,-0.08643434311224496,-0.05873663903061299
p_sgCREB1_2 + p_INTERGENIC393453,0.1739026785714266,-0.01706964285714463,0.03858587372448774,0.20692831632652542,0.18137283163265217,0.24548552295918213,0.2748923469387723,0.01435293367346624,0.1880441007653033,0.29319687500000136,0.13024496173469124,0.1684839285714279,0.26566291454081536,0.2703170599489759,0.20420137117346648,0.14843596938775683,0.14688364158163125,0.06360931122448754,0.16243007015306077,0.12679464285714026,-0.05466007653061489,0.24378845663265025,0.06536042729591784,0.13669942602040663,0.07789454719387479,-0.046599489795921656,-0.05491670918367575,-0.020753826530615527,0.0,-0.0813020727040854,-0.009010331632653745,0.18610440051020305,0.033767283163264494,0.08569751275509851,0.08611517857142736,0.13123762755102142,0.09763871173469063,0.10117850765306002,0.06105720663265224,0.08995781249999979,-0.0783926020408181,0.014926339285713297,0.05805998086734476,0.09470787627550692,0.07168201530612173,0.02003035714285417,0.014081441326528221,-0.011718845663269306,0.07774955357142943,0.07922780612244829,0.10291179846938547,0.028755867346935915,0.02782302295918271,0.062111543367347366,-0.022458864795918743,-0.026963329081633347,-0.04781352040816422,-0.050906792091836905,-0.027704177295920118,0.04494040178571268
p_INTERGENIC216151,-0.0068694834183684605,-0.06448242984693842,-0.045814413265304665,0.17871709183673268,0.14836629464285522,0.27651961096938926,0.14536393494897837,-0.009842665816325535,0.06337350127550856,0.1412403380102063,0.042257174744896986,0.14735082908163122,0.1893157525510194,0.18627614795918213,0.13746514668367382,0.13566693239796024,0.06184585459183545,0.12100277423469308,0.20264540816326537,0.18126310586734462,0.07263651147959038,0.2829506696428563,0.14136639030611953,0.1778647640306108,0.024869260204079424,0.051618973214285546,-0.028495121173468974,-0.056854113520410365,-0.0813020727040854,0.0,-0.06885124362245065,0.07660723852040796,0.06854668367346939,0.01860503826530646,0.1166289540816301,0.02106546556122524,0.0678524872448989,0.10579384566326588,0.12342879464285517,0.06455127551020645,-0.015174139030611045,-0.0304286352040819,0.04679094387754823,0.10352165178571049,0.06762547831632659,0.03639257015306008,0.03336396683673648,-0.01611757015306381,0.052494579081633574,0.04452126913265175,0.026730261479590567,0.003747767857142037,0.018777423469389376,0.012101881377551749,-0.10134821428571605,-0.10163392857143094,-0.08092318239796015,-0.1243102040816293,0.015093973214286294,0.046661989795916625
p_sgNR2C2_5 + p_sgELK1_6,-0.006987117346936245,0.06102493622448968,-0.044367984693877816,0.1828463329081611,0.13731741071428516,0.18589260204081803,0.13184942602040906,0.014549075255104071,0.0508746173469401,0.03663520408163379,0.0841129783163268,0.13105194515306096,0.08477311862244896,0.20331007653061128,0.1394381377551035,0.070911798469389,-0.02266240433673339,0.07767264030612253,0.1560058992346942,0.0786767219387734,0.039309502551020614,0.18223772321428733,0.11225188137755104,0.17755025510203915,-0.022996811224489377,-0.027523660714287246,-0.06221275510204016,-0.06853112244897908,-0.009010331632653745,-0.06885124362245065,0.0,-0.013694770408163137,0.028946237244896977,-0.08040790816326648,0.12450194515306023,-0.0118302933673462,0.09660829081632727,0.0536965242346934,0.06749866071428556,-0.09143198341836545,0.023023852040816806,-0.047636894132651264,0.012951434948979212,0.004371205357140084,-0.0034109056122453296,0.04186087372448988,0.014972895408165598,0.04226323341836746,0.06435663265306424,0.04375988520408214,-0.0274139349489797,-0.019224553571429936,0.028680102040818056,0.004301434948979832,-0.11029084821428548,-0.07669531250000006,-0.09893456632653042,-0.11840596301020234,-0.04337678571428505,0.0027099808673458625
